132 132
117 -49 -52 -182 5 157 -181 -118 6 37 -188 13 -2 149 52 -197 -43 14 -47 -162 22 -80 -173 -16 6 133 -89 -60 -38 -36 55 56 201 -75 61 -40 -62 80 -124 -118 -162 -124 39 198 -45 -167 -56 13 -54 -144 11 49 -48 -186 50 116 97 -23 -87 75 -146 77 -16 -161 74 -159 -93 33 25 183 -12 73 -74 199 25 139 107 69 -1 169 11 179 -184 -95 -122 87 101 13 -157 164 16 -194 112 -148 177 78 157 -181 170 122 204 -96 -47 -145 130 166 -104 174 -164 142 -138 -76 -138 -6 151 -6 -161 -126 -121 -15 17 -46 43 -25 -186 -107 -24 122 -146 182 117 107 
-195 97 176 44 111 -52 -16 30 -62 -54 192 -58 -186 128 -18 -105 76 130 -111 140 -27 24 20 7 -141 192 142 -73 -10 -161 28 70 -20 199 50 40 135 -81 9 43 201 -19 -174 -123 -16 -6 92 194 -181 -11 33 -21 80 40 176 -65 134 139 17 57 -31 -80 -22 -107 59 -147 -18 -149 -139 -154 -103 -56 -197 140 -172 -11 -122 18 -149 67 117 4 6 16 99 -130 132 -8 -81 131 -44 64 -194 144 -158 62 -20 113 175 90 -40 103 181 66 147 115 -156 -70 15 16 43 99 202 116 114 156 -9 -10 117 -192 -90 -39 112 106 121 22 102 55 -117 -189 -181 -44 
92 52 -25 140 9 203 127 -39 -96 8 36 -129 -92 69 54 103 -77 -138 156 21 196 28 30 140 119 82 -177 -46 110 5 -72 62 118 66 -189 96 -17 96 -79 139 64 -189 -193 -31 84 -194 130 168 -143 -39 74 -145 -144 124 -137 -79 14 -163 -110 44 -8 -71 97 11 102 -86 19 68 58 91 -117 -84 2 -149 -63 -29 161 -122 39 54 -42 156 -103 -51 191 -161 -34 -191 -179 -188 178 4 -130 -169 126 12 -94 -32 -82 -12 20 -121 64 157 -168 -56 -3 61 179 -176 86 71 189 112 -148 -70 -124 179 87 -37 159 -74 -46 119 -114 160 14 73 -1 -5 -164 -11 
-145 163 -91 -90 -127 110 166 -184 -26 195 -33 -76 -94 101 -33 34 -190 -75 176 -64 -171 -104 -98 67 -25 -49 -35 -2 -163 -35 -100 1 161 -175 -125 41 -167 166 13 -174 -11 125 -12 -77 -118 195 64 -112 -122 83 -20 -114 -145 44 99 134 -125 58 -21 199 -110 49 37 160 115 -29 -191 1 30 133 123 72 60 166 -155 176 -124 -143 170 132 170 -163 -145 173 -154 87 13 -2 -74 -83 -144 77 18 -188 -33 -9 -92 -111 168 -152 173 -172 64 -71 -178 -144 -157 185 -149 -34 108 -12 169 194 -47 149 19 -56 128 -56 -136 -19 1 42 -118 -171 22 32 -67 -125 -8 -159 
175 79 16 187 -79 151 83 58 -27 -15 -94 96 -36 -65 -180 174 -19 140 -89 55 31 90 -193 -100 152 70 -77 -190 -25 27 142 38 151 -104 -46 -182 -11 187 62 105 -199 -15 195 84 -154 66 12 2 -52 189 -155 -192 162 -115 84 62 84 -103 -1 -136 23 -169 62 -110 12 106 55 17 -135 108 -120 30 -97 -166 193 186 -95 176 76 -6 -66 -192 -196 94 196 19 -178 -71 -58 89 -25 124 -137 194 -197 -140 -126 124 -109 158 -10 -141 -159 144 -162 7 127 31 28 57 164 -95 155 128 -135 -15 -133 132 -169 -88 197 7 179 -85 -113 200 23 -198 53 -32 44 -180 
202 -10 49 150 175 -33 25 -148 -100 109 -178 96 -185 57 -99 -31 -78 66 -91 -183 -100 27 -72 -22 -119 -57 -35 180 -146 -140 84 -5 135 42 -3 -45 69 189 114 88 -189 124 10 -84 -62 -82 -10 -74 96 -133 57 54 -75 -87 -41 41 -166 127 -118 38 -1 -179 190 -145 30 159 193 71 90 137 16 163 -147 96 -128 131 134 -168 5 -61 -77 186 73 25 134 41 -8 35 -65 38 -173 -160 199 72 -68 -9 -75 -117 132 -1 199 -119 -41 110 -90 -182 -38 91 -190 122 25 -111 -54 -145 -41 140 185 177 -47 94 174 -27 51 -154 -40 -175 -107 -22 61 166 -85 -152 
158 98 -31 163 73 92 -172 156 191 100 -78 -141 104 -69 -83 -200 -59 -114 -31 150 -70 29 203 113 -198 109 49 2 73 146 -154 -72 -71 49 -129 -49 -175 -97 26 82 -123 89 178 134 131 53 -52 -178 -130 148 -35 -69 2 99 131 91 42 137 172 43 201 -33 28 -57 82 8 94 113 62 54 101 -175 93 -194 -142 -13 -34 64 -149 9 -166 124 68 178 175 -126 -113 -160 -14 129 -166 -118 80 -22 -45 -200 176 43 59 -129 -135 -69 -197 -53 -158 -22 -151 110 152 11 31 -34 -103 -16 203 -190 34 55 128 22 -51 106 21 -95 -49 -79 135 10 -29 24 195 -134 
130 -65 -111 2 -53 -83 24 180 -182 139 -118 -100 -80 103 94 -27 172 -69 97 -113 47 -115 -100 -110 -147 145 62 75 -165 21 -78 129 -64 -142 108 147 -186 -55 56 77 -86 89 -191 -180 -32 -157 68 -10 173 203 49 100 192 -109 53 -178 25 -15 -162 103 -68 -99 75 86 181 99 7 -64 -139 185 -182 -114 -29 109 16 -66 -97 -17 -150 199 -175 157 33 -92 93 -60 51 -118 104 196 172 1 -180 140 73 174 -57 44 140 -70 -101 150 197 -110 131 -160 98 -155 192 -116 172 -78 -78 93 -101 -23 69 53 72 53 -76 114 -48 -123 71 201 -58 -181 121 94 56 88 
-59 -39 -146 174 -75 -68 -146 168 -111 -80 -51 -99 -152 104 104 -41 -172 47 91 116 -70 89 -113 41 -163 154 -88 -138 196 40 -95 162 -200 -59 78 -192 -101 27 95 99 -134 -142 -85 -136 -6 85 91 115 93 -58 -118 50 -43 -140 79 197 92 -132 7 133 -146 -123 42 110 -108 -193 -65 89 -10 -33 -191 -151 -14 73 197 148 147 131 -88 97 168 -40 -175 41 45 182 23 -154 -9 -183 51 -144 196 -198 -188 90 30 -119 -93 89 -67 202 -194 -171 -93 -74 -90 77 -110 135 -180 166 -34 121 97 71 30 -12 -179 -94 103 -130 72 74 96 -191 -27 59 -179 -120 -133 -109 
70 170 -115 -156 -103 195 -9 -14 -182 194 -133 -26 6 -163 -135 -81 -50 29 181 -122 -14 96 -108 11 -153 94 -131 176 -114 127 -108 184 137 -84 46 -99 19 -161 -40 9 -80 199 -97 186 201 -62 115 -29 47 47 -8 -130 -194 -41 -58 -99 -58 -156 -145 -7 -166 -65 -144 -162 71 92 89 -195 134 40 -54 77 -20 -156 -22 52 -144 -164 15 6 -45 -12 -37 193 -70 -66 45 181 -137 64 82 73 -119 30 -163 -52 13 -66 14 -33 -97 161 -129 -80 -12 -171 -59 -171 96 -44 147 8 -85 -4 196 146 118 -110 -175 -127 106 -60 98 -32 40 128 113 191 -101 94 24 193 
-4 171 -135 -127 134 -154 -156 -18 -177 114 80 159 -35 15 185 40 -71 -105 -88 -183 151 72 53 -164 123 150 -49 44 -130 -192 119 85 72 -164 -149 69 0 193 -59 -39 163 -72 -6 38 -58 192 33 -18 -67 -180 -70 -156 89 51 -101 40 142 -190 36 -6 -137 131 99 -148 -7 -64 -44 36 183 156 -123 -177 16 22 -136 -173 -116 67 44 -121 92 137 105 -14 -193 73 192 -71 -91 -163 38 -78 18 -103 -36 -93 -176 -168 107 -93 -138 34 -92 -172 105 12 -133 -85 34 189 -85 -160 166 -93 60 74 202 133 74 -137 -159 -53 -166 -89 -132 160 -83 53 -169 -102 25 17 
35 -79 84 35 138 120 -21 79 24 99 -50 173 120 9 24 139 -52 23 102 2 156 59 -97 -159 -43 157 -41 -107 76 -99 40 96 -118 116 -150 -107 29 -38 -26 -102 95 -59 -152 180 118 -95 21 13 -57 143 -179 -102 56 -111 120 201 -181 135 -112 42 19 -190 -125 75 -2 -94 66 -134 -109 164 -174 -41 -117 66 -89 169 122 72 -123 131 76 -121 193 113 162 164 157 62 -3 139 111 102 127 201 -141 88 -34 -9 177 -192 42 -64 118 -158 33 -190 -163 -154 -106 -27 21 -81 29 35 -46 201 83 197 -111 -90 26 12 20 -123 -143 -169 119 65 -22 65 -171 182 
192 -94 17 133 178 -75 -68 -76 -199 81 -127 -185 95 -1 67 -85 35 -94 201 32 44 -200 21 184 83 83 176 141 20 20 86 34 -151 92 104 6 155 154 -109 108 8 -138 -137 53 -41 170 76 21 32 -184 159 107 -10 153 -87 19 -143 118 157 -159 -121 -49 189 -174 -65 -91 -48 49 3 36 19 -100 73 194 -185 -144 -88 -64 134 -132 -117 -153 -161 13 2 -97 101 198 52 107 -14 109 -52 157 -12 -181 -40 184 141 -160 -38 121 14 -189 161 137 161 -136 43 100 192 -182 8 119 -75 -165 20 108 -21 122 125 20 196 67 12 -77 -62 69 36 -74 -161 -33 
73 -50 179 152 -168 164 -86 109 -165 50 -3 30 -187 145 88 -142 182 1 -48 201 141 28 -97 -152 60 -46 -111 29 78 -36 32 7 170 72 -192 -181 58 145 -91 16 186 184 -95 55 120 48 -200 165 22 -168 -182 -164 -39 100 43 193 -123 -62 -107 159 199 115 -113 146 -112 27 14 -70 -6 149 -29 23 175 -109 67 52 -68 150 -56 -173 84 49 -16 -157 54 4 135 21 -143 176 201 -88 -93 -5 -14 -41 -127 -39 90 189 -196 45 126 -41 -110 -25 30 -21 70 167 -8 141 -99 91 -157 28 -123 112 -96 74 189 -48 58 153 126 -174 -99 36 164 -181 -65 99 
-143 -97 197 -143 27 -179 -55 -7 -57 19 19 179 17 3 -199 -8 -102 192 82 79 53 -31 121 -71 -41 32 -192 -46 192 150 55 171 -87 -4 -194 -48 -133 -169 168 51 -33 -175 -99 23 -34 32 60 -54 -20 -191 -12 -32 44 -81 37 107 -76 26 88 -103 -4 90 -53 -94 -65 -12 -9 -129 106 200 42 -92 -46 -90 118 -41 -113 -182 -188 -104 185 -58 -48 -125 149 99 59 138 -64 -173 109 -154 -184 189 116 -181 88 154 -32 -150 24 114 -78 -76 -83 -11 140 69 123 14 70 51 -28 158 100 135 155 200 -166 78 107 62 -152 -13 97 -13 58 -186 -71 158 -35 -80 
-87 174 -40 -145 71 -19 45 -169 4 -145 24 14 -191 -183 -47 74 50 116 22 189 -55 -57 -114 -105 -134 34 -126 1 30 -131 10 -88 -139 -31 107 60 27 7 109 135 -128 -7 -121 -4 -38 103 43 26 24 -58 -137 124 -29 95 199 161 -30 -130 -131 -120 -52 166 -75 -143 161 103 110 -110 -1 -14 7 54 -132 69 39 1 91 -27 -109 125 65 -23 15 142 95 133 156 -44 -158 46 144 -36 -152 108 141 -8 93 163 -80 110 2 39 17 74 -72 -74 -101 -163 56 -198 27 -102 -41 -90 127 -104 29 -124 136 -131 -76 101 195 159 98 170 78 -57 -52 -57 93 70 
-155 83 -190 78 193 13 -137 -87 -76 166 -27 -116 100 41 47 51 89 151 -87 -117 53 180 123 169 54 -184 165 -55 -185 -158 176 132 -53 -164 71 147 196 172 135 36 -41 -181 -145 12 -132 60 -175 -144 -16 -32 -132 180 -137 -176 -171 -100 83 -76 -177 31 -14 55 -83 48 120 25 66 163 76 45 -93 -193 -179 147 3 13 60 -140 122 -25 33 155 177 -65 0 -12 -181 -135 -55 -41 -113 31 146 174 74 182 -28 -37 76 -197 176 -122 190 -159 180 -94 140 -183 58 -58 177 61 -56 126 7 139 98 -194 -9 -31 9 -10 180 -23 181 -10 -9 -119 123 -29 175 162 
-173 122 177 144 -111 76 191 -37 -150 199 -158 -30 35 -101 -60 -34 -7 -171 45 -83 35 -114 -81 104 182 -97 22 -88 182 171 -165 110 179 -190 70 117 20 -183 -122 -22 31 -83 -24 164 15 102 -47 5 129 1 -121 18 -15 122 142 39 35 108 -83 30 -39 78 -58 -68 159 200 -130 172 -169 110 -65 -6 185 204 23 93 203 -55 -182 -168 -63 64 0 -23 26 161 65 18 -171 197 29 190 -123 -189 -37 115 108 -78 186 113 -10 114 85 -57 97 -59 36 -184 -98 54 -85 37 -139 -39 -97 105 118 73 -82 72 -144 -40 107 147 146 100 -22 135 168 -171 -197 -52 
159 2 -151 -41 160 -169 -137 -4 -166 46 17 196 142 -160 94 104 24 132 130 33 -199 203 100 -143 -27 -150 -141 75 -129 170 139 -115 198 147 163 -27 161 -31 -40 -117 115 141 101 90 10 47 69 -120 111 2 121 -69 -45 -93 162 -115 -23 194 88 -184 165 180 -20 -67 171 -88 141 119 86 -155 176 141 -154 -44 -62 104 109 -79 -71 -52 139 -44 -83 3 3 -123 -163 185 173 40 135 -154 180 106 -64 -105 -59 74 -87 -78 127 -42 158 19 -47 116 -90 19 74 -190 -20 -193 71 65 151 -125 -168 -96 88 109 -34 115 77 45 55 -7 5 184 -24 -4 -193 -78 
-133 202 159 180 -58 -167 194 -185 146 -141 -83 -29 73 197 40 188 -65 -16 56 17 180 136 191 92 132 90 -13 200 137 52 -50 49 -99 -137 -172 -126 -72 137 -43 82 -40 14 45 -58 106 18 -188 163 201 -93 -108 68 -184 21 152 -134 147 35 -117 -50 84 8 -136 33 -187 48 -180 170 -176 -166 185 -8 160 15 62 -174 -68 204 -102 37 -92 74 -47 -186 101 -110 -168 -143 37 78 -105 47 83 -165 78 -195 198 44 189 -88 148 -43 45 135 -23 -194 -132 -64 -82 17 122 -159 158 -128 -15 -182 38 68 118 -56 -58 -143 25 95 199 107 115 -98 -170 148 -26 168 
4 119 118 86 56 -62 -32 -25 -175 134 105 -190 -174 105 -60 38 44 -134 75 -194 204 25 70 -102 -112 -15 101 -148 113 52 35 188 -89 139 -23 31 31 -49 -142 -152 21 -184 75 -24 13 160 -32 -178 -69 12 184 133 154 -182 33 -132 23 46 -39 192 -178 54 -183 -174 186 36 204 -49 143 -10 45 68 -140 145 59 170 0 31 22 -64 116 -183 -86 198 134 -113 115 -190 63 -148 -177 46 -43 -156 180 -50 134 33 -36 31 26 0 23 138 115 -22 -119 19 77 -85 -151 134 7 9 153 -117 -120 -126 -87 135 70 -18 15 -50 100 125 165 10 71 148 -160 -153 
-79 127 -106 164 143 -8 -30 163 -71 -192 -198 -30 20 -99 -36 78 137 25 35 -160 -94 -1 -144 -164 38 184 -177 65 114 199 -193 -12 -132 -91 -37 54 -95 -148 151 -175 -151 -95 36 5 -32 -186 -171 -143 -167 -19 76 144 41 74 81 -162 163 -87 -189 -32 173 -197 45 32 106 -101 -73 -85 -27 -168 46 49 -76 201 96 196 -136 -129 27 111 118 -10 -164 44 -70 177 6 -113 -143 -186 182 184 -40 -11 122 162 -134 39 90 58 -97 1 -118 57 43 84 133 -106 -76 -11 -174 -89 -81 95 125 -49 44 75 -38 116 -82 183 -25 162 194 -32 -187 -44 198 71 149 186 
-139 -178 91 86 -110 -47 99 -136 160 -115 -91 150 -18 141 -69 75 -162 142 76 52 130 -96 51 -40 183 -37 -98 3 -74 -61 5 -198 -189 177 91 166 161 4 146 -141 -20 -117 -52 -101 43 172 64 18 186 144 -133 -171 78 82 -146 -161 -163 -7 163 -120 102 195 164 -179 -83 122 -92 128 137 -173 -181 -163 -199 102 -182 50 39 31 -81 -10 141 51 -131 187 -49 4 -160 -145 81 -124 166 175 -47 -28 120 151 141 134 177 5 108 24 81 -43 -161 58 -1 80 110 167 -99 -3 171 34 6 46 144 -31 -141 -135 19 36 90 61 127 -179 -24 91 -159 80 113 31 
164 185 72 174 108 -130 -39 71 194 20 -192 -155 138 62 0 147 36 71 -39 -74 168 -114 -92 127 -148 92 36 -49 192 31 -56 -166 193 101 -56 -160 15 -137 187 -96 25 37 46 -54 106 -98 182 -187 21 -200 -4 -107 37 -151 -199 -50 180 120 -3 -162 147 -146 102 54 -121 173 53 123 -24 157 145 67 -53 62 9 103 -63 -72 -132 189 -116 61 15 -176 145 150 147 119 -67 -150 164 65 72 25 6 -87 -83 191 146 -31 -196 -139 -88 35 99 141 102 -80 98 -93 198 196 19 -63 -133 -21 0 -3 -90 -193 164 -167 -171 -71 132 7 87 51 -7 151 174 144 
-83 -93 171 -107 14 115 123 11 48 -192 86 170 -194 -72 8 11 120 17 -124 6 101 12 106 147 -113 -130 167 96 -6 -156 -115 -3 125 -194 191 -76 -169 30 74 -22 -149 -197 -140 -161 43 -71 -117 180 14 -174 -183 -110 -14 130 -117 16 -95 -113 -131 -123 9 75 38 -110 37 86 -155 -193 -106 134 157 30 176 -140 53 -57 112 34 -53 139 201 51 114 46 -143 129 -132 -151 149 128 -174 -168 -75 -174 -24 -19 -131 -144 20 -172 -64 66 -31 175 -125 151 184 -193 -1 138 50 149 188 -99 135 53 -45 157 164 156 -24 57 63 196 -168 -99 54 -178 40 45 184 69 
-103 74 117 -187 24 -163 -22 172 -104 -70 -162 -138 90 4 -144 95 -86 157 -139 36 158 149 1 191 20 92 20 -23 -45 167 11 8 -85 203 198 164 -125 -103 167 -42 196 114 -30 -57 -181 -25 -142 153 -24 -130 -130 2 50 -133 68 52 175 -11 -175 -2 33 -60 184 130 -71 -109 9 -179 102 -104 69 -96 -126 -25 92 44 -105 35 119 6 178 50 91 -42 20 90 91 -187 184 193 25 43 84 91 -31 -87 78 -7 -43 3 -42 7 15 144 134 -187 53 22 -175 -200 5 42 -46 34 -183 13 -171 -122 93 111 135 -110 165 70 123 -69 52 -157 -105 -54 -160 111 
114 198 132 -200 -48 126 -94 -66 128 -103 -102 40 151 170 160 74 -157 109 -100 170 -83 85 -5 -169 -39 188 103 -198 -76 200 63 152 -174 -170 -61 -184 124 0 -97 40 -92 -60 -25 -19 200 200 10 -156 -176 -156 -58 -179 22 -35 -131 94 14 174 -3 -127 104 194 20 -70 168 89 -31 121 33 -66 95 -7 87 152 -193 50 140 68 75 38 139 -39 42 -95 -67 129 -62 -198 96 -192 -189 -64 169 -27 117 -141 -8 -70 146 42 70 -178 -71 53 175 148 -24 -176 -192 -80 52 -44 144 -77 -178 -153 145 169 155 127 -186 19 -176 74 57 187 152 146 -33 132 193 -87 
23 164 -142 -127 -120 150 53 -108 52 104 -159 -93 -198 -198 -84 85 139 -124 -139 13 193 -82 112 167 -92 74 126 -10 158 59 36 -132 -121 44 137 118 -75 178 -187 -170 -101 -43 -51 0 87 -131 -56 44 5 54 -184 -178 33 29 145 -105 64 -120 -163 5 22 82 -199 -162 -172 -38 9 37 19 49 38 -176 197 -171 -130 141 153 195 135 160 34 90 172 117 -46 -133 0 -53 -145 56 95 198 27 -30 -183 -43 -142 -188 130 -112 75 188 98 -146 -27 -135 112 34 165 -160 110 -140 -88 -21 72 45 -29 -43 -44 2 29 39 -110 -30 36 96 -191 157 161 93 149 135 
-198 7 -32 105 75 8 168 -11 85 86 98 -15 -71 -82 71 170 -107 -187 89 -60 -83 -126 31 135 112 -177 104 165 -85 -109 -86 -176 -78 -70 -173 154 -66 1 142 114 80 -7 126 -39 175 -98 121 44 139 -39 -131 -157 -141 -191 -87 96 117 -72 21 -86 119 109 -118 -179 145 181 53 186 -5 193 -68 -89 111 36 15 -181 132 126 -32 -175 115 -85 182 -1 -3 -112 -59 -142 115 179 -110 -59 -47 -168 -100 -18 -21 -32 17 182 93 -81 46 -107 -60 82 198 200 -110 181 -32 -125 -165 199 93 83 -137 -45 -87 36 -32 140 -162 178 12 -36 21 -40 -57 -80 97 -78 
-137 -66 -22 -34 -66 203 94 -78 145 -141 -131 -52 -80 -76 84 -21 2 55 -170 -172 144 -17 194 -52 -122 -4 94 15 -50 56 68 196 -50 -22 -170 -167 -147 -139 133 28 177 -37 26 0 -23 20 28 172 -54 30 -104 -152 100 81 -129 -6 148 21 170 -199 112 192 -96 -25 -11 -4 -93 -195 65 -63 139 147 -127 -118 185 190 -181 0 3 140 -164 -75 110 103 -99 202 9 43 0 -67 98 -19 -60 -54 188 50 -185 134 -95 -10 -74 -107 138 108 131 14 -106 71 -137 -14 -118 -36 14 -12 -132 -8 -187 -91 -74 26 30 -171 -71 -196 -49 -58 87 201 -127 -69 130 -110 
-196 204 -47 -55 30 152 114 -199 -80 -103 148 -69 -191 -140 -22 -71 -100 184 -49 78 -180 5 -82 -65 58 201 182 5 -2 -62 -127 16 -138 -70 17 -109 63 -115 -15 145 4 -148 -135 123 -30 191 -165 122 22 187 -194 129 -34 153 114 27 -29 135 45 50 -175 99 -156 -128 65 -51 151 -20 117 -185 65 50 -74 175 -82 17 -173 -187 -156 173 -159 89 -178 -91 51 166 -36 -65 6 170 -146 -86 -1 155 145 -31 173 130 -22 40 -124 -64 -100 -125 104 179 183 99 126 188 -196 -112 27 -141 125 157 -138 140 -77 122 -125 122 -13 185 155 50 -134 -190 149 139 131 105 
38 40 46 185 -55 186 -73 -153 199 146 120 83 -166 74 -169 199 195 -31 -160 38 -107 12 -184 36 129 -68 -83 -94 158 -156 -173 6 -118 122 50 126 -134 -88 -167 151 -18 -64 186 158 -66 -107 -124 -35 28 151 171 146 175 60 122 56 -41 147 200 164 162 123 103 177 105 -26 63 -142 83 86 -22 85 20 6 3 120 -15 -108 187 -6 156 177 -45 -104 -175 -117 -128 -177 -113 33 6 -117 -77 37 176 46 -15 -5 37 147 -199 18 -168 134 -153 200 178 179 -150 41 79 -187 -37 142 54 156 170 107 -150 -76 -49 -62 45 182 -193 59 -131 49 -184 -22 122 -64 
44 33 -124 181 6 158 -97 -63 -2 106 -116 -42 -160 -62 -88 -29 -90 -57 -172 -64 -13 10 13 -44 -19 58 19 17 91 -84 -134 -7 17 -154 -15 -97 32 126 191 8 -115 57 133 -42 -21 67 -15 -197 -32 17 186 45 36 191 -189 -79 2 105 44 -19 -113 6 -175 71 -65 186 -171 -10 62 151 -172 -6 -21 65 -59 -55 -39 17 121 -86 -149 -55 -110 -172 -68 -182 -55 184 35 67 -29 177 104 -161 -50 127 -188 -41 94 120 36 75 -174 106 144 100 -159 -148 -21 -117 -32 -45 79 -52 128 -128 119 50 -91 -157 43 14 27 -173 -181 15 -12 -84 -137 -107 46 175 
93 -57 187 -55 37 -73 161 -190 20 -36 185 187 160 46 -136 161 30 -182 -193 -186 191 -184 -165 -24 -70 125 -111 201 103 110 -35 -167 170 3 -100 126 -74 -78 -184 157 -130 -50 12 -141 -197 57 -117 68 107 -124 -59 4 39 -55 27 -153 -80 -39 -193 -70 -63 123 -74 187 3 -106 178 -154 -126 -150 -56 -187 -79 139 108 38 135 0 -42 -20 186 -34 10 116 154 -133 -181 78 -122 -78 95 -132 188 52 -195 108 -66 -136 13 125 148 87 -136 -79 -39 -181 121 -25 56 98 65 82 -97 31 -86 56 97 56 -154 -106 97 204 97 173 -141 -182 83 -120 103 -41 -192 159 
2 -7 -96 -194 -25 95 -102 -71 -117 -34 -24 -50 -98 -188 157 -67 31 -25 133 -66 -145 -7 169 -8 175 -56 -176 -9 43 20 172 159 108 -58 191 -195 156 -149 -103 -42 136 -175 73 173 -182 64 -168 58 -80 99 100 -176 -151 -110 57 -110 140 -54 -84 -82 -106 94 -109 131 125 107 -157 51 87 192 -34 -83 -82 101 127 -75 -109 122 -150 133 -72 -108 176 -199 168 -110 117 -177 171 -56 -174 147 -3 22 -21 -119 -86 52 199 70 -42 1 157 -137 151 -199 115 198 161 -68 109 65 20 -171 186 -104 -109 189 97 -51 80 -143 37 155 89 -150 30 -181 -56 -52 -29 -3 
162 -20 -86 57 -59 159 -190 164 59 42 -98 -39 -46 182 157 -60 -85 -27 -53 -179 -120 -195 19 25 106 -175 -155 156 77 169 95 166 80 -180 97 152 -196 182 -4 9 28 -6 -61 134 100 -192 -90 -36 128 -157 -181 2 190 112 -153 42 189 -8 -173 90 -27 77 92 -98 105 -180 151 3 60 -108 42 118 -95 -67 -83 -119 -188 193 -122 -200 -190 198 69 43 -188 89 -198 -115 -129 195 180 -171 -104 46 88 -54 22 74 128 73 12 -85 -76 -134 134 -197 140 -82 -138 194 -116 -116 62 22 38 105 174 60 -41 -162 100 72 96 191 -87 -156 9 27 -179 72 -124 -188 
-22 -135 -180 45 146 155 -99 -52 12 84 -45 45 163 117 84 143 76 146 193 -15 5 -127 182 170 -116 -157 -17 76 95 -91 -148 87 72 -35 109 29 -20 123 -92 -122 -180 -68 -87 -87 1 -129 -48 -89 138 -139 176 -198 131 45 35 179 -127 -190 -68 -179 24 -117 -96 -56 -198 -170 160 -200 -124 -146 -140 -185 -145 11 190 126 69 89 -2 175 -31 134 188 180 10 28 -143 21 146 120 -14 4 203 90 84 -154 92 86 -52 -53 -126 100 59 71 80 -12 -200 -93 -150 157 -29 -119 190 75 -101 192 187 -133 55 110 -41 135 69 -52 -188 18 -164 53 45 -55 57 47 
-190 200 -200 -56 -149 134 -17 -103 -161 70 -180 198 5 -194 -6 -80 195 -192 21 -155 -17 -176 -96 -10 -152 167 22 -187 180 33 56 -120 127 96 195 149 -60 116 158 126 -79 25 102 73 34 53 145 55 174 -102 162 42 -124 167 -180 -142 -103 27 85 195 5 -36 124 -169 -147 -65 132 -13 108 -199 -52 21 186 16 -42 -136 -115 129 -179 -130 61 -22 -129 103 -95 -80 -56 -111 148 98 76 43 38 -38 -168 86 -165 65 -84 170 -87 70 -16 18 117 -164 -54 138 180 -48 -92 54 -3 94 -42 32 134 64 202 -189 185 -132 -155 22 193 45 167 -183 -89 -177 54 0 
-75 -20 -112 -52 -198 -117 15 39 123 47 -123 -117 -82 88 -183 42 21 163 -89 -40 199 -163 -152 190 179 31 -111 16 117 -37 39 190 107 7 -112 -156 -61 -50 -86 133 -72 -70 -197 45 -36 5 -146 137 33 -16 -195 65 177 -101 -66 -3 -91 -59 -13 -142 -112 -178 -25 41 -186 19 12 -61 -193 31 -3 -29 15 124 -34 -186 75 94 -133 124 32 -99 12 57 -94 150 154 -95 -99 -5 32 -70 69 152 166 -138 -182 86 81 -139 102 -81 13 116 194 145 37 -120 -17 -6 -144 8 83 85 52 70 183 77 -47 175 68 -190 200 -191 94 -115 -96 166 -119 76 123 -154 
104 11 -89 120 75 113 -108 -78 32 -48 25 1 48 101 52 35 -16 182 191 55 120 12 63 85 0 181 -102 51 -35 60 -38 -74 106 102 -155 143 -128 -54 10 -179 -42 14 -30 108 -11 120 -62 86 107 -47 -92 -196 -30 -189 204 -70 29 -30 -155 28 -169 -95 27 -69 196 184 168 140 4 171 -137 63 101 23 -105 135 174 112 -164 154 -67 -110 -35 -113 135 -166 193 -67 -184 7 50 5 -155 87 144 -107 -144 51 -181 -134 -122 -104 -68 125 197 23 204 89 -143 -156 76 -33 -145 -113 -194 156 125 101 -197 75 5 32 -194 89 174 69 -68 46 -14 101 -37 87 
-89 52 89 90 185 -143 -114 178 114 93 -25 -138 64 39 -113 -138 54 24 -180 136 -174 -10 -180 186 -29 -79 26 20 67 126 -56 152 -85 153 9 -161 204 -25 157 6 200 -182 -135 -27 142 -164 57 74 -167 29 15 98 -75 26 196 0 -195 -85 46 48 190 121 114 18 -97 -85 -31 -142 191 -185 6 187 -24 202 -129 -175 -125 180 -37 39 -17 -68 -38 146 -64 85 24 -158 45 123 -183 162 -165 -121 -181 -156 91 65 47 30 -119 -174 -162 -81 -89 201 -81 -43 62 158 -141 18 10 158 -164 -145 100 -91 -190 -181 45 8 173 194 -97 202 -183 -9 88 -84 116 31 
22 -148 -144 -185 -133 191 135 -104 83 -136 200 68 30 120 18 -184 51 -155 -142 -162 174 44 130 175 -125 74 -143 -192 109 196 -151 148 -56 -63 61 -118 -93 -63 41 180 -73 1 27 45 -46 -163 -123 9 30 40 -134 7 192 100 118 -65 -160 -107 -112 61 168 -189 -71 59 -10 -75 -153 -73 -106 -186 168 -69 188 -144 200 7 -102 -64 197 -190 75 33 138 -173 63 -159 -40 -88 90 -142 64 100 76 -106 28 50 -106 -141 24 -46 -109 -7 36 91 45 131 163 -191 178 33 -57 10 24 -29 -34 -189 -50 -55 88 -65 -95 -39 -71 -118 -154 160 22 202 -2 -11 -15 175 
165 39 177 188 94 112 -32 -87 100 -56 -100 -16 -85 202 61 -135 -183 77 -79 37 -18 -5 40 -31 99 126 -15 -8 39 -47 136 191 -30 123 112 -50 -83 97 -132 175 -20 94 -161 117 -11 62 118 98 -171 105 -111 49 5 -45 -55 -86 39 -90 198 -92 -46 -1 -128 -192 -22 -190 -32 117 111 182 -85 -157 -67 -103 142 191 -120 -99 38 11 -50 100 -184 1 -139 38 198 -125 -118 -164 -73 -169 -119 173 1 -159 -153 80 74 15 -146 -144 -41 -14 -129 180 177 185 -171 -135 -78 116 -62 -70 132 130 44 -168 -57 -190 46 26 -143 -157 165 -88 -81 96 -155 94 153 -22 
145 23 49 -147 -91 -48 -80 -119 -125 -103 75 -85 163 69 -147 63 36 -59 139 -123 -63 -7 64 -176 134 71 30 174 35 22 129 141 164 173 36 109 -41 43 -48 69 -146 144 194 -79 -20 -19 -186 34 -73 -47 -71 32 -27 -142 18 -141 132 88 132 -118 -126 -165 131 30 101 -5 -29 1 136 -136 -154 123 -195 145 179 40 161 142 -162 76 9 65 -131 30 -35 -56 199 -172 -106 8 -178 34 -169 108 83 183 -55 193 106 195 -52 -159 183 27 -31 46 131 -25 62 13 -49 19 -35 -133 -90 -173 -72 -32 78 -187 167 79 113 32 172 0 111 127 -116 54 91 -61 
-87 195 129 -37 -20 195 -49 37 50 71 -22 -104 88 -39 -200 -13 76 -152 136 101 -124 -60 195 -117 152 89 142 -5 -91 -126 176 -103 -56 137 -137 -86 79 -69 145 -70 -114 184 -56 -58 62 -63 -107 62 18 110 -157 -36 173 -161 -132 199 37 -61 -102 124 -196 155 11 128 155 -111 169 64 -99 5 -197 -36 -62 16 78 187 178 -10 -63 -195 -29 -137 84 92 -16 -179 -59 180 -108 126 113 -162 -37 -20 -152 81 55 -124 11 -10 90 159 -164 -157 -35 -158 1 59 123 117 -118 -17 -53 37 -75 165 55 133 -191 35 -18 -190 105 -124 171 -150 142 -185 162 -86 173 -124 
-123 -67 144 -122 -68 134 -59 -6 186 108 -118 -55 163 147 -153 62 123 12 -124 175 -32 -29 203 -32 11 62 -65 -5 -16 24 25 109 -93 -122 21 176 2 -46 -75 -178 54 -42 -114 53 -177 -92 129 -133 124 109 -59 1 114 174 130 46 79 -97 87 -132 40 22 -53 63 -186 -64 173 -165 140 179 181 -19 17 -136 46 60 -50 48 39 -135 199 65 5 -76 81 186 -189 -162 -41 75 42 100 -161 -70 116 125 -161 -149 -104 176 105 -131 -74 -105 164 -179 -91 -76 156 -121 -146 139 -119 127 -134 154 136 -23 182 85 -159 -134 -149 -62 -102 -32 103 75 21 -30 -104 -108 
-140 -96 198 1 -21 25 31 -198 -155 130 57 165 118 -65 -70 -111 -63 121 -44 110 117 -24 173 48 130 157 87 -106 196 35 -128 -100 -25 151 -192 131 -45 66 -41 57 -160 110 118 25 39 142 -5 147 155 185 67 -154 168 99 -155 83 -158 -90 41 171 -1 -10 128 107 9 -128 199 -89 -22 142 -156 37 -46 145 112 6 188 -17 62 127 45 -66 36 -169 -16 125 -70 -103 158 54 145 78 74 -19 -44 -190 126 148 183 -19 140 -159 41 105 198 -50 -85 190 99 110 -70 37 -126 148 -9 -6 159 153 76 -46 -20 4 -30 -199 57 -47 66 131 -115 -164 -11 -31 
-80 169 -106 13 -20 -152 8 53 -89 164 4 -116 110 187 -143 67 -129 74 130 108 29 184 96 129 188 50 155 -37 -145 17 47 109 -185 -91 163 124 122 -40 -140 83 -34 -12 82 -121 -195 23 164 -20 122 -16 144 12 15 6 97 34 102 -187 122 21 0 -46 181 30 114 64 189 191 31 -200 -48 161 0 30 166 29 -166 -175 30 -135 88 181 -32 -72 -150 -105 149 -100 38 196 69 10 80 -82 13 -35 99 -179 -75 172 125 -106 159 -36 -50 134 53 137 56 -32 -14 61 -38 -48 58 -88 54 73 -177 -86 37 -69 -104 -165 57 -20 175 -52 61 186 -74 -181 
-190 161 154 184 -44 -60 149 -193 133 -185 -44 -111 135 -1 -143 -181 135 154 106 56 -66 -28 110 9 97 7 -116 -192 89 -61 143 -100 -90 -89 -191 92 -44 101 -152 57 -74 142 69 92 -10 13 -178 113 -199 -42 165 106 173 -142 -200 34 163 71 178 -18 70 87 -81 168 -171 -127 12 -24 90 -149 -40 85 -98 -91 -157 -6 -82 -112 -198 -161 180 -93 177 46 186 141 -121 17 16 39 -130 -103 94 -186 14 175 -12 168 -173 -83 -110 -156 -121 101 -75 -106 -188 -71 110 123 -152 -136 172 -181 118 60 11 -44 -159 -135 22 -18 -4 -12 47 126 176 80 196 -95 141 202 
-99 123 10 111 57 -137 -100 32 150 -197 -190 43 94 119 165 130 -111 -148 192 90 -57 172 179 86 19 -195 -50 -160 62 15 18 103 61 127 152 -79 161 190 -170 -170 -176 -167 143 30 60 -185 -110 35 -141 178 24 194 145 -130 -163 -181 -103 -144 -106 18 -197 10 -61 -94 105 -98 -99 -57 -103 -167 -69 -139 -72 106 -113 84 -17 141 -124 162 163 -132 -158 -119 -14 158 -194 -174 174 -131 -43 166 -163 13 184 99 -30 99 -136 -20 -66 -25 -74 55 -156 -92 -98 -141 -22 104 96 -114 29 77 -49 -134 -169 -107 -91 140 -71 40 -113 38 -27 -59 20 158 200 -46 43 40 
-68 -22 144 142 -34 -58 39 20 -44 129 -79 -3 103 145 48 -148 -153 157 173 186 60 -40 40 -5 -178 -83 130 165 -74 119 -168 -72 159 -188 -96 53 78 -101 -57 -186 33 34 134 -129 20 14 33 150 -4 -195 17 -4 49 -174 163 197 3 -143 188 2 94 -171 39 56 -132 52 -61 -78 169 76 -132 -94 120 -162 105 -107 20 -170 8 58 39 -79 -129 -195 -14 36 -198 194 126 -116 66 156 -166 142 60 -177 134 -142 -27 84 25 166 -134 -50 -72 168 -192 -155 142 -58 -128 -111 -61 169 -36 50 162 -22 -81 147 2 -85 -158 103 95 -112 -106 47 -190 -193 -71 -136 
38 61 190 -199 178 -170 -173 111 -182 92 132 154 -139 13 -83 157 -142 52 58 11 48 72 199 -74 5 125 150 127 -32 -133 -64 3 -6 -144 82 -80 176 -145 137 68 -104 -181 -121 -50 172 -72 -41 158 173 48 -31 -54 76 -131 0 -90 109 87 20 71 -134 -194 -81 -176 -118 -150 201 164 -167 -142 106 100 -192 79 23 194 -177 186 116 -117 -15 -37 6 -93 99 -169 -72 138 -60 22 110 87 173 -3 3 68 -108 139 193 186 73 62 115 -11 -3 5 60 -15 -8 50 -194 174 -12 -8 -84 54 -72 -123 61 87 41 -24 18 184 144 -197 115 59 12 -195 -92 -160 
0 81 -64 120 -106 150 91 -167 34 195 -134 51 -132 129 56 -62 -18 127 -132 -161 -54 196 -54 165 45 2 -22 134 28 160 -198 -5 133 138 -50 -132 -56 51 17 50 -87 -117 119 -48 -85 168 171 124 71 96 -170 84 200 -83 -106 38 -58 -44 -81 21 -72 -118 127 100 -20 -153 -70 24 -18 -144 -62 -65 197 197 186 111 -184 103 -191 163 -195 -95 -178 97 -69 196 67 13 99 39 68 56 -98 -124 127 -192 59 -164 -149 -36 47 -87 160 203 41 -9 -109 156 -139 130 -69 -191 -197 -123 -80 161 88 -135 60 96 176 18 -56 -32 -61 36 55 190 -122 124 -108 73 
-24 -37 -25 154 14 -55 70 -82 140 -161 82 -172 79 132 -2 -44 204 -21 77 92 36 -138 78 92 -176 52 -38 88 -43 124 27 131 -192 -50 92 97 79 127 142 -168 135 -168 11 -26 40 185 134 172 14 179 117 9 146 148 -8 159 -49 -182 102 168 -197 -144 31 121 187 21 -196 140 -3 2 132 135 -65 103 72 203 103 157 201 82 -140 -96 -19 55 -37 34 -187 99 105 -166 122 82 -64 -54 -122 -180 -60 119 -181 191 135 44 -135 49 -167 40 13 -133 80 -34 -127 -28 -118 8 72 -166 -43 98 -131 45 -131 -6 -129 90 -138 10 151 21 116 -14 -165 -47 
-151 122 176 -192 -84 42 189 134 -15 138 -169 -77 19 -72 190 -41 -10 -96 -116 -71 -160 -12 -196 -154 102 -135 16 99 -56 -29 157 140 -88 -99 79 -150 73 -100 -57 -51 32 186 153 -181 4 115 -69 33 124 27 188 -115 3 114 176 14 163 -65 56 35 71 -185 76 52 83 58 5 5 -12 14 35 80 -169 -172 -96 145 181 6 -98 -139 -183 33 98 -157 147 63 -176 -157 159 38 -159 13 130 -133 -103 -1 -78 -145 183 -99 -47 177 -192 -126 3 195 -30 -27 -121 52 104 -146 -57 93 -57 -62 -146 134 -189 -3 3 194 -46 15 -42 -133 126 90 -3 -32 -171 177 
57 -23 22 98 155 195 -179 195 -153 95 -68 -183 -42 176 -149 99 123 17 188 129 -191 -185 -34 -179 -2 165 -145 -175 -133 64 -19 56 186 17 19 102 99 150 -62 -116 -182 179 194 161 -73 50 152 58 135 10 -5 95 -105 135 55 -182 87 98 -6 124 102 10 -144 178 26 -113 154 -158 -151 182 194 -70 135 149 -119 -116 116 87 164 148 79 -196 93 -48 -30 162 195 188 -141 14 38 81 -145 -123 86 170 -132 186 177 -119 25 -195 -141 -189 129 48 -198 -200 183 54 -189 100 -57 102 -74 -40 -54 -84 161 106 -41 60 89 -194 102 -62 -110 -138 -198 102 35 177 
-169 -51 19 14 143 124 161 119 -8 -78 29 -156 -82 191 -50 178 -61 24 -72 159 21 178 48 14 -5 -142 -102 96 119 -170 -116 78 -113 127 -57 14 -90 18 148 40 10 -139 -64 -81 -8 -38 14 55 -140 101 78 -76 -117 112 15 3 104 -91 139 -107 99 175 76 -54 -198 57 -91 -105 178 -23 -32 175 100 -160 62 -149 -49 -82 170 54 -176 -36 183 -8 -14 -196 -110 84 -13 163 30 95 33 119 -45 -61 197 61 -7 -58 -126 46 26 129 -80 32 -72 179 187 -50 -138 31 147 38 14 -62 169 -194 180 -38 -190 82 3 126 12 61 -123 15 -128 -145 71 -167 
148 68 119 109 141 0 65 24 82 155 -50 43 136 140 -47 -53 64 61 -24 -54 -59 142 -118 20 -78 199 -7 -73 -150 168 -185 -146 -73 87 -155 124 19 -84 -6 -76 29 21 -121 -55 108 -115 177 1 -88 -94 188 144 139 -194 96 11 -148 121 -151 36 146 -93 -93 88 -44 -53 -190 -23 -180 154 -158 -188 -187 49 106 201 175 -100 -147 -121 158 95 -93 59 -38 -47 65 132 94 25 3 98 166 203 20 10 -27 97 17 81 12 77 -61 -181 -172 132 73 -145 -152 -200 -32 -32 -171 -35 44 203 -18 47 -184 -193 -72 -94 0 67 -76 -35 28 109 -87 -24 -143 -164 
52 57 8 -121 -142 -40 -166 180 48 -193 91 47 176 -137 95 77 160 158 -19 -120 51 -41 -8 104 39 -81 9 -139 -82 32 143 59 5 -138 -27 123 -107 -168 46 -183 -120 -59 -2 98 -178 -63 160 194 -147 155 182 178 146 180 -69 165 122 187 -165 156 -76 109 -138 148 136 -135 -39 80 122 -156 -49 37 -138 20 67 -99 21 130 140 56 -168 107 -163 -73 102 -44 -33 3 -18 -122 -11 68 72 -153 -175 113 106 -166 -103 -118 129 -111 -197 -113 -93 62 72 -159 203 183 137 175 -141 -117 188 170 6 91 52 -19 38 -77 -60 83 -106 -102 -169 161 180 142 -91 -135 
105 61 57 -170 129 -114 -11 104 3 41 50 53 -105 -43 -157 129 152 -29 -67 -148 101 -165 170 83 -65 -97 -121 -104 18 152 -78 163 38 -149 159 124 37 -84 -5 -139 67 -150 -19 202 107 198 43 40 -182 -2 -34 -23 185 139 148 150 133 108 174 -69 -115 -167 63 -102 118 163 160 19 148 -31 65 107 29 -42 -169 125 51 -133 -198 -64 106 -38 -103 111 100 -54 -49 165 -183 155 -94 -131 -152 164 -149 12 -72 81 -91 179 -28 66 -26 13 129 106 104 -71 -105 45 -45 50 -108 -143 83 -194 -140 185 -142 -194 140 -114 89 -81 170 -97 -180 33 65 105 -139 -148 
26 23 101 168 2 -165 -107 -76 5 -6 -78 10 -129 -118 -135 29 86 -34 -54 168 28 155 -86 89 108 29 -107 93 110 129 -133 109 -181 -140 -186 151 -111 100 107 -185 141 -14 134 52 132 30 5 -72 -19 -186 88 120 -177 -4 -13 184 -73 107 199 125 -149 -157 -24 196 -130 -200 -101 144 -172 34 -162 -87 -138 92 9 -197 159 93 -156 67 166 53 -43 -53 69 -141 -93 -195 97 -96 -148 -144 85 -50 39 -29 92 -139 128 129 61 190 -3 -81 142 179 -22 -97 40 66 143 -3 -155 -7 -168 137 -106 -10 -125 -28 74 199 194 28 192 141 106 -106 193 -137 73 -113 
-182 106 78 147 135 -86 -135 -22 67 145 -160 -123 44 -41 195 166 -156 31 -108 -118 -78 -52 -63 -35 161 -94 27 -178 87 -177 -89 -197 147 -72 184 -107 6 -26 101 -140 -75 -79 99 69 -35 71 109 117 -145 -177 162 149 -92 -69 15 2 183 147 -147 -189 -112 -35 22 62 -125 6 -191 -126 122 24 105 -15 -95 -5 -142 -78 -174 -156 58 -130 67 -182 -124 -28 95 -86 -50 -131 -160 -49 -163 123 -87 -96 180 -164 51 80 -135 198 -159 -68 -97 184 96 -43 -122 201 44 -198 -86 -87 14 -144 47 -36 -59 -134 -130 -98 133 -184 32 5 -128 -139 -44 119 -95 94 -153 -39 
-68 173 127 83 -18 3 -93 -148 25 -136 159 128 -164 -16 -134 132 -85 -41 103 -171 -164 42 -119 122 82 -143 -69 83 83 196 -144 81 158 -193 -5 -81 55 128 -107 45 189 152 -142 191 -126 45 -60 -123 -122 162 -33 -14 -51 -86 -159 128 -152 113 82 -88 -186 -77 198 60 75 117 140 127 204 124 -9 130 -60 179 -102 -16 -136 82 -134 15 -107 -162 197 102 54 134 165 -123 -109 -160 182 -7 148 -173 164 5 -149 162 184 134 112 -14 149 63 102 66 152 -5 148 -60 -153 -53 -176 169 110 109 -61 -10 95 -169 -77 69 -199 106 -89 -149 59 -177 -149 13 -51 -28 
71 -89 117 4 82 136 -112 103 56 67 -116 82 137 113 37 139 -5 184 -114 -153 -146 11 -74 -173 152 143 -15 26 -163 -59 -133 -125 171 -108 -156 -93 -108 107 195 -12 -68 -99 180 -176 -113 44 105 125 9 1 -8 -18 -200 -112 129 149 101 -165 -158 116 176 18 166 -124 -107 126 -113 -66 154 -105 -66 -65 -86 -106 -74 -14 -54 133 -167 200 -32 146 -142 92 77 124 182 -158 0 -115 136 201 -181 112 63 -195 137 -200 197 39 71 27 194 26 -60 -114 135 -30 175 -55 158 -110 64 -97 -59 -172 -9 132 62 -102 -114 -169 -43 187 -57 -112 191 99 -20 -82 116 -22 
-141 18 -161 143 150 -77 -1 187 -170 56 196 139 -121 -23 90 -143 -141 -68 -55 -106 0 -180 -188 182 -96 23 171 184 -83 71 1 111 -64 -14 -45 -36 78 -151 124 38 -13 30 74 67 9 56 -49 -169 199 151 -192 15 -22 199 6 92 69 183 -173 91 -167 51 2 193 113 -148 -189 178 -137 112 108 -66 -101 40 122 -190 37 36 182 9 116 -2 -172 -162 59 -98 -170 26 199 -168 -5 56 -182 -147 71 179 0 141 91 60 -154 151 153 85 -167 53 62 106 154 12 26 46 127 101 -19 -49 -121 86 -6 -110 -147 -152 93 111 165 77 -44 -174 -189 -38 60 -106 
169 10 -145 93 -146 -162 -180 -123 -56 -124 140 201 146 75 40 -68 82 87 196 196 4 101 149 86 153 -91 10 -103 -35 -159 0 169 -41 -62 -177 167 -177 172 -74 -138 0 130 173 128 -117 142 -20 -36 -101 -149 -70 41 -194 -148 -16 13 73 -50 -17 148 -131 101 -15 -45 166 -22 56 -89 -197 14 -98 195 -92 -144 -28 85 58 -83 -20 31 -26 -73 107 -63 -171 181 31 128 15 195 -176 130 -60 54 -109 145 -83 -25 -50 -62 62 140 -125 -2 -144 -39 -6 131 -22 27 14 -90 -57 -145 -182 197 36 -54 113 57 -134 32 90 2 -10 22 199 -189 162 -28 -92 -150 
-146 -85 173 -190 -165 -67 88 122 -41 86 -144 -11 45 186 -26 118 188 -177 -149 37 120 -141 -77 126 32 127 -26 -156 30 -186 135 -143 -150 116 116 -35 33 -133 -100 115 115 -87 -114 48 -85 55 70 11 -158 -116 -122 98 -145 -127 -121 -150 -123 -117 102 125 65 -52 -178 -34 114 105 33 193 34 61 89 -35 -45 -69 -122 67 199 11 -197 -16 -27 -3 -183 72 -32 69 -91 -59 -57 -185 52 -72 203 -186 -18 -17 103 -148 50 21 29 -198 -103 134 -2 -41 -194 -173 126 0 -117 -56 140 -174 -106 -10 -56 -165 166 153 41 -158 -99 -56 182 -139 -195 -87 -118 -67 93 -13 
7 197 -18 74 156 15 -151 118 -62 167 6 -2 102 49 137 87 -130 -27 194 38 185 84 -71 -151 -63 -68 -101 -33 120 -89 -115 22 157 128 -9 -158 138 -82 -19 -89 77 52 72 53 -177 -73 -35 -9 38 -129 146 159 186 57 -193 -70 14 72 -138 151 73 -40 159 -145 63 -108 178 103 -143 92 -23 -3 -25 -199 184 -187 -127 138 -193 -62 134 -70 -26 68 58 -120 -186 -135 -54 123 -105 -133 7 48 -170 -179 -85 -10 190 105 -167 -51 -188 156 76 166 -165 -9 -191 -57 -106 -42 44 -60 -172 -76 15 -123 27 -61 -128 131 -1 -71 -13 -59 35 55 107 -89 -125 108 
-22 -86 68 -36 -188 81 -62 -112 201 19 -155 -117 -143 -104 64 89 72 169 -85 -169 135 -61 -26 143 -127 14 93 83 19 154 93 170 1 -196 -88 10 30 -106 -13 -185 -200 31 -110 149 -135 -5 26 -89 39 -135 -40 -175 65 -4 -180 112 135 34 -72 39 44 -196 -114 147 -185 44 -75 -128 163 155 84 -122 -18 -152 54 181 157 -173 67 157 -69 -105 36 5 5 144 144 44 -175 -31 73 -147 -31 171 114 95 -61 47 83 139 -157 0 130 -15 -97 -55 161 13 -188 -7 -63 176 -38 178 -184 -153 94 25 138 -52 -185 -8 48 65 185 -67 -185 -129 -119 -168 161 -18 
123 -22 -180 -162 132 189 -167 -121 132 84 -11 -75 147 26 -17 -161 -135 -115 5 31 -31 70 -20 200 74 -4 -148 -64 160 26 132 -9 -174 35 -135 154 -178 -158 108 -189 194 -110 -27 -33 -109 167 -197 -140 -136 174 151 -102 -55 -28 199 -12 29 -152 73 146 -121 -161 175 147 2 -89 -39 -174 -51 -15 201 44 90 -188 -163 -146 18 -89 -38 -5 26 -73 -30 162 10 71 23 168 -164 -10 124 154 -38 -101 -139 -174 -118 -45 8 -25 69 -120 -62 -199 108 46 139 150 -67 -12 130 124 88 -4 -133 20 -177 134 185 66 -113 -90 -145 -184 -84 -180 177 -182 111 -91 108 -101 
-56 -200 153 127 -64 182 20 1 56 112 182 -76 -12 -180 44 87 55 130 4 18 -31 109 127 -2 -144 -176 -116 -97 -81 121 161 -91 -58 -186 -139 -161 -136 12 37 -28 197 204 196 87 -136 -150 99 -34 -40 -174 -191 156 68 74 -21 151 99 -68 -30 63 -50 -72 -136 113 -178 195 -104 -19 -19 -65 141 19 -36 -22 44 -115 60 -73 -171 -135 -194 0 132 7 -28 -97 -133 -71 -49 -40 5 77 -160 84 -74 12 -48 -200 84 182 174 148 79 -105 -21 164 -195 9 -94 96 45 196 60 15 90 110 73 -108 45 -5 132 -71 167 -73 -172 -76 43 120 93 116 45 -133 
129 -163 -198 -37 -150 72 160 138 149 201 141 -44 180 -160 -192 -8 157 138 159 3 -51 60 28 202 -45 203 117 -62 -197 -2 8 -123 137 6 -134 -23 197 26 -26 150 118 -119 117 -40 -175 50 22 189 -193 129 60 -191 122 -32 168 75 56 -147 -156 -21 57 125 -1 43 -118 -158 -182 -108 -179 147 -70 131 158 194 176 13 71 -193 49 -174 23 -39 202 -126 -42 -123 161 133 170 31 -68 148 8 161 -159 -8 60 -54 -191 -131 150 -51 105 -40 2 -29 -85 123 172 90 -186 -157 -15 -69 30 54 177 -196 182 -44 133 75 80 149 -179 -25 -34 -41 -47 -92 195 -138 
-16 -43 -33 125 -7 -137 -58 94 -9 59 -151 173 -119 135 0 2 85 -27 -196 130 -15 -72 188 -111 -137 41 196 -23 -149 -76 -86 32 -56 90 -1 102 -133 -85 -149 -67 -5 -114 80 139 106 63 -38 -22 -1 -1 12 -171 -34 140 -49 -121 -104 -176 154 -125 -157 -11 130 -70 43 64 75 -27 -35 -29 -152 -151 47 -54 -177 78 40 -191 -34 40 33 104 -25 46 115 -152 79 27 -118 203 68 91 -183 -105 188 120 92 202 -133 26 23 75 -68 -150 -194 3 -187 124 76 76 -139 43 100 -98 -132 -46 -136 6 -134 35 -14 -169 -36 49 -138 41 36 153 104 -183 58 -64 
-22 70 -99 146 -57 29 178 -198 1 150 104 45 -90 21 73 141 60 153 19 -190 171 -7 71 188 -135 -185 -173 188 -109 40 -84 -9 -30 2 162 -67 117 194 32 56 -199 -74 139 -99 184 75 -43 185 136 32 -168 -135 198 153 9 -67 -85 21 -84 183 -129 184 124 -132 -63 116 108 -173 190 63 -91 7 73 -98 18 74 -177 -118 -98 -135 130 -10 13 105 30 -24 7 125 -101 45 52 -110 -145 166 -49 -147 18 55 145 -166 -179 -193 137 194 -6 -27 -6 13 -48 -133 84 -27 -122 173 -145 -170 -169 140 92 189 -93 -117 184 77 -144 108 78 28 152 65 71 163 
86 -199 34 144 161 -170 118 183 -121 -153 75 -118 -175 122 66 158 -31 -95 87 158 -174 135 60 92 91 -72 180 -131 73 191 -114 13 -165 -190 -69 -11 157 174 -165 32 -82 -159 53 -20 -194 -18 -59 -14 -200 -51 18 -137 149 -12 35 -108 167 152 129 -135 124 -128 199 -3 144 -195 -47 67 172 -112 5 25 186 73 -7 46 -140 102 187 28 97 -63 113 144 -46 42 -142 40 -104 -110 2 -104 39 -38 201 123 -137 -44 27 105 194 78 73 15 189 156 72 62 -176 -182 97 -13 -190 143 -5 23 139 -112 -118 89 100 70 79 44 162 -102 96 196 67 -171 -125 35 
10 32 91 61 42 -92 -137 -192 141 -116 -24 175 116 -173 -109 -63 188 126 -145 197 187 -196 32 191 -178 131 -117 -183 11 -1 -174 -9 11 48 -93 18 63 159 -54 74 -163 42 -75 -111 -33 71 -173 120 190 -58 133 -84 170 20 139 15 172 98 171 6 -38 31 7 -96 -16 -185 -23 -56 -40 -84 -106 -170 166 -170 -156 -153 135 136 32 200 30 -62 59 -190 -141 -171 73 -199 136 -155 151 -39 -17 97 -61 -93 -83 37 151 99 51 9 -117 -131 155 -200 -165 154 -25 -110 128 7 -200 107 -12 -164 77 160 112 37 58 24 27 -110 -64 165 154 -69 0 0 75 135 
46 -150 -110 -31 -157 -104 202 -90 -145 -191 -62 -21 194 -163 72 151 -173 123 -72 199 77 -130 203 -198 -115 2 172 111 -183 3 3 -91 -142 -137 91 112 -125 -142 -166 30 -60 165 -108 -55 89 -67 -144 -97 -69 -162 -199 -35 131 35 74 -95 97 -17 120 -28 -36 140 -14 -118 5 -133 59 78 -115 36 -157 16 193 -186 -185 -62 180 186 -102 61 200 34 -193 25 -45 161 45 -199 -174 -126 -77 54 22 -100 -127 -90 -6 -119 -29 -152 114 170 -72 -23 -30 -162 137 192 152 186 149 176 -162 23 -179 57 -108 89 -85 106 148 49 113 -118 184 189 120 51 -58 127 -198 11 
197 -199 -13 -182 44 -97 -127 -69 -107 130 -49 3 -129 126 -81 -58 80 -136 88 17 -87 -130 -194 -5 32 90 172 160 164 -185 135 145 -30 -116 123 53 173 -123 -142 199 -104 12 63 -98 -94 62 -25 168 53 139 -40 147 196 116 -62 -80 162 103 80 -111 -34 -23 136 29 -125 -42 -169 182 -82 -170 -84 -187 48 29 -170 33 160 152 66 -193 -48 150 -66 100 -152 148 30 193 156 123 98 -95 69 -176 -17 49 155 170 22 -90 -152 35 73 -181 35 175 11 -52 -162 114 67 154 117 143 -190 85 -56 -63 -197 -61 -198 -161 -128 -141 183 -19 56 -15 39 57 191 -49 
-75 158 153 -157 146 -161 -52 -196 -37 -135 54 -123 -119 164 -6 108 144 58 -7 99 -104 -45 61 12 -183 65 128 -181 172 172 35 9 -90 67 181 122 68 -176 -3 -35 145 -68 -99 -132 -12 56 -122 -24 -95 75 -83 200 -181 161 -93 17 -106 -108 174 140 188 54 -142 -9 170 -168 -18 -124 91 -79 -94 182 195 -172 90 7 176 -137 -132 98 100 161 -95 -29 -35 -54 68 133 -79 -113 -31 119 -75 -151 168 3 62 129 -13 152 -99 126 28 10 127 79 91 -26 -23 -167 168 -123 185 -121 84 152 119 -190 191 15 13 -132 -109 -58 -176 -96 54 -46 -47 -183 18 171 
193 -174 114 10 156 199 -20 53 -66 11 -31 127 -179 -193 -26 68 -136 52 125 -79 83 -146 120 -5 128 -37 23 -50 8 -24 102 169 -156 -175 112 141 -110 -96 36 -77 -13 -165 -121 -155 84 -88 108 55 201 -42 -78 -90 -160 67 -180 56 66 -31 -26 -103 190 -132 64 178 -46 -86 175 154 -49 -78 -69 -132 -130 160 -102 -153 -178 -38 5 -159 -96 -175 -166 -163 5 122 -20 109 -122 67 11 -96 -145 170 -72 28 -198 89 -152 9 -53 -31 -56 -27 -75 18 -175 -63 112 -73 197 168 -29 154 -86 164 -115 -163 169 -68 8 203 31 -122 179 143 -77 156 86 141 94 -138 
94 -36 152 117 -113 -140 66 124 -196 -24 -200 -46 -12 29 10 -62 201 41 162 -88 -111 117 138 -75 114 60 76 -12 86 65 53 76 0 28 24 -21 99 -67 14 -194 -27 81 155 -60 144 -50 174 25 -147 147 -67 -172 -38 157 -174 -48 28 -9 -194 -40 92 57 -121 0 -118 79 43 -156 -108 -122 75 -199 -125 8 -26 -145 23 -189 -150 -124 -32 174 66 68 65 67 7 68 85 -196 -52 -97 194 113 -75 -5 158 -166 81 200 12 -60 46 -87 180 129 192 36 -185 111 -100 -47 -149 -60 130 5 -168 193 175 177 -156 -26 -80 -152 -125 25 -60 -185 -172 21 -188 119 
194 167 -70 149 142 -191 -75 -194 -87 -65 171 112 -181 -131 -100 27 -92 -126 27 -15 -125 -35 154 32 33 190 -127 -178 122 -50 -82 87 -28 -4 -71 -91 29 -176 111 -95 103 188 -94 6 -14 184 159 -88 -72 -138 -131 -199 140 -154 70 81 151 -2 -122 174 40 -54 72 -14 -110 -124 43 10 -96 -57 -137 64 -32 -46 168 -105 -139 94 -127 48 133 -102 -199 139 -5 -109 96 -174 -87 -154 -95 19 0 130 148 -102 -115 54 72 -147 34 134 120 -192 104 137 200 -163 -39 -178 -175 -192 156 -73 129 95 -192 169 58 108 15 -67 105 -81 -185 15 -182 110 97 172 16 -152 
78 163 -3 80 94 -178 -151 91 200 197 194 -15 -166 95 145 181 149 145 -18 -52 142 -153 26 -167 -99 126 171 -107 60 73 79 -200 -103 1 24 2 128 -87 -23 -94 -116 -177 145 -47 15 -59 153 -100 171 -112 95 188 182 190 -182 -82 69 -21 69 -60 -87 -200 -145 122 -39 -181 129 112 195 -100 29 -54 137 -67 -143 98 131 16 -150 169 40 76 20 -151 -182 147 -162 131 -70 98 195 -73 -2 6 -46 -192 131 -10 32 -62 80 -123 55 -134 -139 -61 114 200 -184 -141 -54 84 122 -31 -16 176 152 -84 -167 -179 103 -3 -182 140 51 -73 -29 81 66 -123 64 17 
177 143 -95 -77 182 -138 -120 -163 120 21 137 159 179 -158 15 191 59 -106 157 160 196 202 25 -147 9 -189 109 -66 33 -147 -53 -125 -134 -15 34 178 1 -76 -60 1 -132 41 -81 -105 173 167 -66 -73 -169 -125 155 92 22 -178 84 160 12 106 -35 186 95 91 11 52 -55 104 -113 79 39 145 68 -134 110 66 203 -196 -135 5 174 21 -39 -147 180 -23 -2 192 -131 -69 -3 -154 146 -170 115 154 -22 73 199 191 -79 90 6 -64 -167 19 76 39 79 197 27 -169 153 103 -68 24 -19 -24 -65 17 -139 -145 105 -113 -156 89 157 -191 178 72 -192 141 -17 66 
-185 128 -181 38 7 107 54 -31 14 -84 -102 3 -166 -21 -87 44 -154 -177 -64 16 -131 69 71 -42 81 -164 -71 -19 176 49 126 64 -15 134 1 108 -58 -191 28 -165 195 -74 41 156 -43 -86 129 -64 -52 -68 168 -111 -167 35 19 -152 -47 0 -35 -67 77 -193 199 -60 22 -28 151 -195 121 100 102 -97 -74 135 -200 -10 -13 -176 173 13 -151 60 29 -38 -66 30 -109 -31 38 -134 9 -142 107 -83 -152 156 43 -135 -158 123 179 115 176 79 -23 -197 -194 -60 -190 -96 198 29 169 127 -1 116 -92 101 92 -76 -3 11 -15 -108 -152 -133 136 164 -41 -168 60 -170 
-48 0 -52 67 111 12 88 -162 -79 151 154 -59 114 -151 -47 29 97 90 16 -79 94 -1 22 -35 -104 157 -100 20 -116 97 -28 -81 -116 104 125 177 -115 24 62 119 -198 -48 195 -93 -102 -47 -32 -14 -169 41 68 -31 -10 1 42 -195 -166 -129 -200 -16 137 -131 159 -32 -190 168 2 113 -132 110 161 -195 -53 109 -134 -115 -61 156 -83 70 -142 203 47 -129 -49 -13 175 154 -147 -86 -114 115 21 179 193 160 175 136 -118 185 25 -63 -196 142 -163 11 127 32 49 -28 -123 163 -87 -188 -45 40 41 128 -59 -69 -59 179 8 -137 -146 -166 -154 72 5 154 -133 98 
114 182 -175 151 -32 57 122 -99 -163 -74 128 -58 -67 -77 -8 -125 121 -11 -130 -123 -116 -46 -189 95 156 -135 -95 -110 149 167 -143 161 100 106 48 -135 -179 39 1 55 -78 -62 -63 97 57 177 162 193 -148 145 -112 125 75 -61 -44 -142 28 -113 140 -1 37 -85 -46 79 148 -18 95 -78 -109 -49 119 47 -86 127 -13 -98 -179 12 -143 -10 -97 162 123 202 -106 -173 87 17 -8 122 125 178 114 152 57 162 -185 -121 195 -49 64 -9 -179 35 29 7 -49 47 171 -121 -112 82 -65 -194 94 -164 139 -84 55 24 -43 185 36 6 -188 -189 -137 113 75 71 -31 185 
25 152 -135 -25 -126 106 107 -194 -168 24 53 -130 -191 -144 -71 174 192 -105 -90 -63 40 -107 -151 70 -23 48 83 -161 84 -181 49 -151 65 -178 0 26 72 -65 127 -132 158 87 -53 168 -7 78 -42 133 41 64 -93 15 153 76 147 -51 43 202 7 -147 5 -200 58 -13 -130 -195 175 146 -175 22 -114 -88 -128 -88 180 -26 -55 37 -97 52 -125 113 96 -88 5 147 95 -175 47 -189 -58 59 -198 84 -182 -179 136 -107 138 87 158 -121 -134 -181 -77 -52 -58 103 134 -95 93 62 88 -65 -77 -112 -86 125 -128 87 -173 -170 -13 163 45 135 166 -10 142 81 -159 -192 
-127 33 -61 76 -155 38 -158 -44 16 56 -154 95 61 32 -158 0 -7 -173 -143 107 -175 -200 44 70 -114 23 116 123 180 160 -161 -130 -8 -3 184 159 182 -178 -121 -56 61 -150 -102 -119 187 -110 109 103 156 83 -176 -131 -122 -135 -191 -112 -103 21 98 50 -65 126 83 -173 126 -108 70 151 62 -47 -147 -128 129 68 -31 159 -153 12 -36 -148 112 -99 153 -39 25 -29 -8 -72 39 198 -63 -198 103 174 -84 -163 85 42 77 -66 30 70 169 152 -120 72 -14 -150 -162 -115 66 -91 178 109 -192 -40 102 -142 -115 -106 73 19 63 20 -35 -105 98 -144 -118 163 81 -7 
23 17 -184 184 -14 -171 75 98 -54 9 63 -70 65 122 -22 50 147 -124 196 95 -38 -41 -105 -73 -189 -109 -27 43 139 173 158 -193 181 -162 8 -25 105 -83 162 -177 160 -126 -197 172 88 -43 31 -191 -2 169 -185 -168 -128 -115 -137 161 136 154 -106 -49 59 193 183 -139 38 186 140 140 99 -99 -31 170 -140 -21 146 -114 -42 -161 -55 -174 97 -126 -146 -181 169 -133 197 -53 18 75 14 142 -142 142 -173 37 137 -109 -192 -125 33 -49 -175 59 -156 -186 132 139 -7 190 -105 81 -123 -55 10 164 -194 179 114 -77 -50 50 -120 169 -46 141 178 13 12 11 24 200 
172 37 -142 -174 -102 -122 -186 182 -99 19 -142 -49 185 -78 185 -35 -42 82 -160 121 -181 -127 48 191 158 109 100 75 -198 185 -20 -91 176 -75 -7 9 9 65 -152 -132 0 155 11 -179 49 -49 74 139 -19 -153 -192 -32 119 -58 63 163 79 166 -128 -99 -150 -148 -122 18 -93 -10 -48 135 -35 66 -117 65 -1 11 -74 -124 -89 -24 -18 187 -160 -49 -159 -100 -71 50 79 -159 -67 -174 -26 180 -110 -134 125 132 -167 -2 65 -68 157 179 171 -181 -188 11 184 97 13 142 11 -188 103 -144 -35 152 146 191 45 -11 138 20 -124 186 -139 70 114 55 -184 -81 55 141 
-34 94 -46 -3 -43 -26 -48 -141 -11 -10 61 135 -77 38 4 -53 -151 158 114 -41 100 -144 61 -199 -97 104 -155 199 -80 -76 -154 86 191 110 -108 50 -58 -83 -187 -46 81 70 -172 51 -128 -41 -17 -75 -65 -56 -168 110 -167 -139 -4 -84 -48 -189 -73 -37 7 -18 -30 104 -193 -82 35 36 -119 64 146 161 -79 -79 23 -131 -89 95 132 117 -112 151 160 196 -44 -47 165 8 149 45 -44 165 141 -140 -52 -77 18 -185 -172 -191 92 30 -84 56 156 95 -63 102 -199 -90 72 -50 201 -35 -165 176 80 -152 35 159 27 -160 135 -200 183 -68 -94 -121 203 -102 131 -168 
-121 36 -93 -174 15 129 -126 -153 -90 -123 30 -140 -48 -13 -182 -198 15 -130 90 -155 131 50 59 88 197 -36 175 105 -54 59 -16 -39 -35 103 -108 -146 144 172 -62 22 -2 -134 34 82 39 -194 60 -159 179 139 202 -41 -8 114 -67 25 46 -73 72 129 -157 -10 -156 -152 59 48 -152 -78 178 166 27 129 28 -54 -93 -161 -55 24 -96 46 -22 169 45 -23 156 75 161 24 198 -9 -73 83 -118 -12 -37 158 73 -109 -49 11 -49 -147 -162 -130 165 -14 80 175 164 -174 110 -30 -168 82 -103 -19 156 182 138 -112 109 125 -132 -101 -152 150 -11 141 122 -147 177 -99 
-92 -13 81 -40 -32 56 -29 -90 178 -186 20 177 -46 200 -166 -148 131 75 -136 30 -156 97 -182 116 135 -37 175 54 119 -45 -105 -22 -114 -97 48 105 6 24 12 85 77 -17 -11 -188 -45 -165 136 79 19 1 -54 -150 74 -124 -94 -146 123 -71 169 -43 178 14 -110 21 -78 -48 44 -196 -163 -41 26 -74 151 123 171 -154 50 120 71 136 -39 6 -18 164 54 37 55 58 -199 -61 -182 110 -194 50 -65 12 -146 -127 170 -25 32 136 40 71 87 -174 110 -172 -153 -38 -84 108 -108 -68 174 -33 50 145 -10 -151 167 91 -16 165 -72 -121 4 136 124 17 -78 121 
148 -185 -123 147 174 96 -40 -81 -32 88 153 -126 -45 -176 118 77 125 -32 39 169 -2 -127 112 -23 51 -72 -127 -30 165 124 -194 -57 -54 77 -33 -14 99 121 74 74 20 -189 -152 -78 85 -71 17 -108 142 -121 -75 141 -113 189 -153 10 -115 12 -81 101 15 138 126 158 198 185 135 24 152 95 201 49 -184 -143 -113 133 18 -111 -127 -174 165 49 -23 -102 -176 123 -152 118 151 152 -82 109 -85 -199 175 65 -144 5 3 91 19 14 -113 204 178 -56 143 185 97 -51 -112 87 55 43 -81 182 -3 177 167 -46 156 165 -156 176 -96 -134 -147 -26 95 14 202 -185 
-10 74 94 -111 107 -10 -116 -40 57 156 63 -127 -123 33 79 -89 -9 -162 -156 184 -189 72 -125 -119 -181 74 70 -6 -131 78 -50 -165 156 -134 -39 -131 21 116 198 -57 -166 -52 197 203 -104 -13 180 -175 -3 11 142 56 39 93 -14 -189 102 -34 -82 29 -53 -136 -119 183 -2 -10 47 -101 138 -165 -51 17 -25 178 -115 -129 177 77 148 60 2 186 104 -171 -55 -156 -49 -52 185 91 -97 190 92 49 19 -118 11 37 -104 -65 64 79 -181 -140 11 -119 141 -106 176 -131 109 140 196 53 183 -35 47 -47 150 73 108 -11 -76 -24 -138 -106 189 176 82 203 67 136 
17 -45 -114 161 83 -90 155 -125 -41 -63 -11 200 165 -90 -174 -83 -147 33 -48 166 111 -194 83 -99 -175 76 12 86 -106 78 105 55 8 -9 23 194 128 108 131 24 195 -154 -86 172 97 -148 -108 145 -117 -98 141 8 -171 -109 -124 -128 -55 -143 121 50 145 -141 162 -151 -149 104 -97 -160 -119 116 69 -56 140 173 -190 187 -19 178 -174 102 47 -14 85 -15 -94 -15 -192 -5 -17 -87 139 -102 115 -55 188 -120 -38 11 -195 -9 90 181 173 -157 59 77 -197 179 8 175 84 -157 58 101 166 -124 -23 32 185 177 -98 -90 -113 67 94 128 -69 -97 153 35 -195 123 
84 -57 39 133 18 135 -181 -125 165 139 110 35 -175 -138 155 68 -121 178 -106 122 -135 122 203 -18 173 -2 152 -126 32 -107 183 -85 -198 55 -130 -190 -124 -89 -15 17 -166 166 -44 -75 -130 -104 29 -65 55 -36 49 140 -162 -191 99 80 -166 156 192 -49 -184 -94 -200 56 193 157 71 96 104 -18 -179 -72 -188 151 -125 179 104 -181 -34 -135 -64 -62 -58 -64 -17 53 8 191 -25 193 3 91 -78 198 151 -180 -21 91 36 -16 159 -89 -140 -56 -115 188 -81 44 -167 -149 -60 41 -33 46 -121 -181 -139 114 157 -56 79 -100 141 49 161 -124 97 -102 111 -97 171 -112 
103 -130 25 200 42 171 -63 185 182 14 130 40 -18 28 -41 -103 40 -138 168 -23 -170 82 152 186 143 -129 -82 -34 122 -160 -131 17 -200 -171 40 -184 67 195 -21 -149 52 124 107 47 22 -170 84 77 79 176 -135 -82 -76 125 189 -149 83 101 95 -93 150 -53 -59 -28 122 -42 -170 141 -50 154 -104 110 166 202 48 43 -77 1 -49 63 143 114 83 2 47 24 202 -191 -6 -121 97 -197 134 67 185 -36 121 -177 -74 -109 -120 143 144 -192 -172 64 -71 -191 127 81 -136 165 195 151 -164 -143 85 -25 -62 -184 92 -68 2 -61 -190 -160 196 0 -138 0 -152 10 
-154 56 166 12 164 135 -72 134 67 -189 -76 86 -4 156 -40 122 128 -25 157 -172 -13 -24 89 -7 -77 -82 179 -115 16 53 129 25 38 -11 13 -28 75 -172 20 -11 186 -55 32 137 -88 199 -127 20 62 -186 203 3 -107 -70 28 -152 -195 -58 134 29 -163 154 -115 68 40 -166 -59 -53 -122 -28 -22 166 -84 -181 -115 22 109 147 8 191 -23 -109 25 -106 -176 -85 100 -11 201 159 -140 -166 -3 -133 51 71 43 92 0 -5 93 -20 183 39 104 187 192 52 146 72 187 -143 165 -1 181 63 -3 -151 -23 -107 40 -196 166 115 154 172 148 167 33 -154 38 -28 
-178 -129 3 -5 183 -18 -160 -70 187 -159 32 63 -95 132 -188 64 19 -146 -63 47 66 -65 42 -131 171 -174 -101 -116 203 3 109 -65 -11 -132 -182 -187 192 -45 -57 -34 195 -71 175 32 -106 83 -121 54 107 -152 56 -71 15 192 -107 -88 111 -191 37 163 134 50 59 144 102 -10 -193 -120 -34 -151 200 -135 -68 204 -165 -2 -184 -154 -71 -10 -131 -49 -194 24 -174 12 -78 48 -164 90 -119 128 19 83 -58 -153 -130 55 -57 -25 -51 12 103 -64 168 -73 48 -6 -37 22 113 32 -75 83 71 -190 42 -153 130 -120 -184 32 166 -89 -156 -4 10 115 16 82 2 79 
-23 186 161 -115 -145 180 30 -150 21 201 -23 135 -114 -40 -83 179 196 -58 -88 21 -90 8 -197 -152 -199 -117 -89 195 -155 -110 -42 -26 90 -90 -132 20 171 -180 12 4 -126 175 78 54 -35 -95 -176 201 24 -62 76 76 184 189 -67 74 -122 44 -102 -58 77 -99 -12 44 123 139 136 45 66 -71 18 -120 19 -61 -37 150 177 39 73 -39 -132 83 17 -153 95 141 -127 114 -140 169 22 -180 19 -65 70 69 116 9 54 -132 -93 171 -127 -85 -64 94 187 177 -72 -124 -70 147 -132 18 140 153 111 35 -48 102 140 150 132 87 -12 9 -25 32 -95 70 129 0 
-139 12 7 -60 120 -175 -107 93 41 -59 80 33 -40 -12 -161 -13 94 -161 -106 -31 99 85 -124 -7 97 -57 84 116 -68 -139 -143 -57 -111 -76 -161 -13 54 139 41 54 -77 153 193 -94 -118 41 -75 167 108 131 27 -150 130 -134 -89 202 -145 161 170 -101 35 -67 149 -195 157 182 -200 -114 -174 -184 178 19 -9 -176 144 -153 -26 17 194 92 14 69 75 79 20 -6 -116 -38 186 74 -196 -31 -152 -175 94 -103 -181 47 118 74 133 -138 51 146 56 86 11 143 -28 -37 -159 176 -123 -174 -37 -18 160 -43 49 -61 192 108 -28 -96 15 89 200 -77 -151 194 11 -23 
-149 -134 16 -13 133 -154 71 66 -187 126 -125 -184 -37 180 -183 -107 -68 -150 53 189 -12 80 -157 -112 172 -142 -39 192 -195 -113 110 31 79 27 -181 105 32 -168 -2 -97 43 146 -105 -169 -68 88 -33 -53 133 -28 149 164 -109 10 -4 -98 155 89 -116 5 -148 -199 39 67 99 -68 -184 52 170 166 69 140 193 -135 102 25 49 -75 135 74 145 14 -16 -79 16 119 5 130 3 -84 -130 75 -46 8 25 117 201 185 160 -12 -44 -45 -42 -150 0 139 92 -1 -26 -138 -157 5 -44 -131 -188 126 -130 24 45 151 -44 -111 18 108 -130 -30 93 12 71 -30 -9 -132 
-194 131 -58 -76 -195 0 70 -35 -26 -133 26 74 160 37 89 25 -27 -55 94 147 53 -47 -174 8 -31 163 69 188 1 -112 -134 -148 -64 -197 99 -162 153 -101 36 -72 112 113 -199 10 -62 8 -146 -120 -169 -96 -76 101 131 -151 203 -116 11 50 -23 70 78 -66 141 -104 -44 -99 -101 81 173 82 193 99 -155 164 103 150 -117 -125 -31 152 -35 121 -86 198 -177 -74 -164 47 -42 106 47 96 191 -100 159 158 81 -61 -178 127 3 190 137 79 47 192 48 -182 -17 -61 -123 -111 -118 -193 -160 13 181 -75 40 201 -24 198 -100 96 24 186 -131 192 -80 38 148 61 
-13 66 71 78 175 165 169 158 26 -111 35 -44 101 -5 79 136 28 195 -94 -154 28 -6 169 102 -132 178 -171 155 93 116 144 167 -140 160 -4 104 -111 -149 -15 91 -2 23 -114 -196 130 -107 2 144 11 73 -59 -100 -126 169 70 -55 -186 -128 -10 4 -196 -110 88 124 -37 -91 115 -39 -142 28 29 -48 91 33 -112 -104 84 129 -12 -182 168 -93 43 -135 -119 -14 -167 60 152 -132 99 -101 79 88 59 -188 32 168 24 61 148 58 -180 -125 -113 -188 -111 88 -126 -86 -190 -54 -68 -156 -89 -152 -188 121 -113 -125 162 161 106 199 121 21 -71 123 5 -30 -73 -197 
-190 -89 -109 196 -17 -141 -60 31 20 -126 -151 -95 149 -174 -151 161 31 -165 57 -175 137 139 163 -149 147 13 181 130 21 170 -177 5 123 162 166 -165 -39 69 -109 -13 29 29 -122 82 -152 2 -42 102 -103 -194 -37 146 166 200 -182 24 169 183 -121 -85 19 -199 -83 66 139 -29 -36 -64 12 133 197 13 17 195 -128 -150 -124 -91 138 -18 180 104 -165 61 135 138 30 69 -1 48 -91 168 137 122 -195 -6 -79 -85 18 -176 124 -57 -101 -36 -104 -10 8 1 69 99 87 -91 -168 192 104 -196 134 -55 -58 -59 56 131 146 162 -91 167 93 -1 142 -37 51 -165 
83 0 -144 -102 184 38 -141 -90 62 111 109 194 30 141 187 -188 50 -180 109 -200 149 -53 -143 184 -120 -20 -25 86 55 -118 -11 102 -123 197 -82 76 -16 -44 6 -37 96 91 -100 136 130 -181 112 -84 -28 161 79 6 -112 22 131 -90 -13 -190 56 61 -72 45 -42 152 100 -179 137 149 -183 -35 20 -60 -196 -17 171 45 94 106 106 148 191 -49 4 -90 -107 -131 -171 32 -36 105 -66 -69 -177 -186 -117 118 -66 -22 -43 -27 -2 85 79 -177 -167 -67 -191 30 89 59 197 -67 -11 -6 -168 -128 178 14 40 -177 155 -101 -188 -94 8 -31 -108 -67 -29 -44 -167 12 
-166 134 159 200 -183 -114 -73 -3 75 154 -198 114 61 82 123 52 149 -28 33 -27 -109 46 95 -7 141 -129 -90 133 200 51 20 119 45 131 32 -160 -4 -14 -182 53 -185 -145 162 114 91 -195 16 1 -180 -138 84 160 -83 -15 177 -4 85 -105 63 -159 3 -44 164 -51 -62 -107 79 140 5 179 192 105 80 41 -113 -32 -33 169 70 -122 -189 8 -132 -140 -31 165 59 -78 -96 -194 -128 0 177 -32 114 166 -172 -154 73 -132 85 -199 -64 -143 -178 176 -188 -91 182 -46 -171 44 135 126 67 -34 -16 24 -57 -19 -137 -21 -131 136 102 183 -78 18 -169 -194 -10 18 
-131 10 163 24 -187 -75 165 -29 -185 167 -150 -151 199 135 -52 -47 104 12 -169 181 27 181 -22 -21 173 88 -159 169 -142 199 7 167 4 143 167 -96 -188 -35 164 -18 169 -8 84 58 17 157 196 -95 -141 -28 -74 -80 -147 -24 -77 -136 174 186 -77 -130 25 31 100 94 124 144 -153 -192 188 -38 37 -24 -84 31 -125 22 -197 108 77 107 201 -51 -176 17 -191 -60 33 -76 94 -36 16 187 -160 132 42 186 64 158 114 -155 -107 189 -191 187 -44 -125 -19 101 -23 112 -129 -168 -148 190 132 -130 162 43 31 92 124 -78 173 -34 -180 -84 -191 -182 -135 131 59 -79 
102 -92 114 -161 174 123 150 50 -55 85 59 175 165 -69 42 -109 167 51 -159 95 -154 -46 -163 -128 -121 -194 -18 186 170 -197 188 143 171 198 169 -25 -148 -37 -71 -175 124 149 111 6 -134 -177 163 -114 90 -66 -5 -134 -144 155 -131 -39 131 24 133 -146 -194 -73 -3 13 64 -82 202 -182 90 -6 -127 -11 -79 -182 103 13 -98 -87 89 -138 -5 -137 14 -58 142 15 119 89 84 185 35 19 -177 -159 -9 45 -54 150 -166 8 168 -193 -65 95 159 22 -91 -124 -193 42 25 27 148 -193 25 -150 85 33 -173 -91 -148 108 69 56 -146 -107 70 143 184 153 103 173 
-26 3 -140 -103 -160 -129 12 -120 126 -149 -30 -16 -196 -62 -48 128 79 103 58 86 157 -188 7 -53 141 -175 -67 12 134 202 -178 142 0 173 5 160 191 -111 -120 108 -14 -8 129 -56 38 -179 -76 -102 -92 -85 54 -132 -100 -78 -176 -125 -87 -15 -118 -38 163 -39 28 -51 135 107 117 -170 -190 -4 -5 35 -67 106 96 -88 106 30 -135 103 -34 173 67 -80 -198 56 104 -178 -184 114 20 102 33 108 -63 -173 62 -198 146 76 -78 -92 -174 150 -97 35 76 98 -131 132 -99 -135 38 162 150 -105 -23 29 12 -27 -112 157 -158 -67 110 -97 184 -190 74 -143 -160 -155 
-63 -52 -144 -72 36 -176 70 105 200 -108 -41 127 112 181 151 53 -66 -138 132 -95 -34 -144 -145 -33 155 25 -16 131 -145 -136 -41 -99 -135 -168 -42 -143 -133 125 -126 143 152 90 166 10 -24 -79 122 47 192 182 33 -198 89 -38 -42 110 131 139 -30 15 101 18 -154 -1 -76 -116 -196 -182 -62 175 -104 -187 194 87 40 54 20 84 -88 137 -146 199 -106 50 93 -186 -152 68 203 113 170 100 92 -91 -145 96 127 -180 78 -106 188 -185 -67 135 187 -147 116 188 31 -44 -23 -24 -158 134 95 24 17 164 -170 148 -70 18 1 14 121 140 140 -55 -120 -37 48 -35 
-53 -99 -13 -99 194 -36 -88 143 -2 -165 166 -176 71 9 4 111 102 -54 6 57 -119 125 -105 -8 -129 -105 -159 -93 6 29 -9 114 -38 -131 -145 130 79 -16 -39 -151 110 -182 126 144 -155 44 1 91 -18 -90 -130 103 19 101 80 66 38 180 -80 143 -89 -63 -14 -182 -31 170 -57 21 -96 85 187 -155 -49 202 110 -19 -115 -145 -140 -56 -103 -199 -70 -8 104 -187 177 67 -96 180 -77 203 14 -192 -94 -32 -96 -162 50 187 -63 -169 -91 61 117 -132 169 203 -98 69 -39 -145 -113 -35 84 32 100 142 11 27 164 93 2 -158 126 -35 -172 41 -92 131 177 -174 
-164 204 -139 -177 190 -75 154 -145 -192 -104 77 -193 193 145 31 -71 171 146 12 180 98 -88 107 -175 -145 125 30 119 -81 83 121 -43 -132 -42 169 -130 -43 62 114 -196 122 -37 184 -17 45 -120 74 -8 -123 -105 3 154 -1 -165 -14 -93 -179 -199 186 84 76 143 -116 181 97 74 -49 -69 -190 174 -100 -93 -53 -114 54 -40 87 125 -89 -75 190 67 11 184 -46 -144 -5 45 39 -77 169 18 -88 154 74 -99 -20 117 141 -62 -60 -50 -33 -184 -198 -115 68 -78 -46 15 -154 39 -139 -77 -141 -101 -149 172 -120 -8 -85 6 56 -198 -29 161 -119 -69 -14 -147 -143 25 
-69 95 164 195 5 -19 -1 -148 -113 100 -18 38 -137 139 -21 -64 184 -33 -2 109 -134 171 126 -76 192 8 -86 77 -25 62 33 122 -28 -106 139 -112 -140 -9 -178 -67 -75 -79 -188 -173 160 -22 193 -76 32 -156 95 152 109 -69 51 -141 -95 143 174 -60 14 105 191 -41 52 50 144 -34 89 -64 120 147 -96 27 -157 -81 107 116 125 98 -114 201 122 76 -152 -188 109 95 -144 4 54 136 -38 -49 54 -129 -43 -152 -174 80 -2 36 60 -130 -138 -41 -24 -185 72 -186 1 85 41 22 -174 40 107 137 -26 109 186 42 -41 -138 -116 177 -50 -8 79 -7 -156 86 
-96 -92 -182 -108 42 -138 -92 30 -184 155 -152 120 179 109 -32 2 91 -187 -76 -18 23 99 94 136 47 -58 7 -152 -199 174 -155 42 -80 177 180 -8 77 84 -58 63 110 -5 -106 -169 188 -149 -109 118 16 -27 35 2 -89 -184 53 157 109 -177 150 -21 -82 -119 82 -197 -41 56 110 153 -197 -36 181 23 -94 10 165 -142 158 52 -51 -57 -105 -72 182 -155 193 -156 41 134 -67 193 101 -91 -187 17 201 -169 136 169 -12 154 68 -152 120 -184 -24 -132 81 -173 -25 98 -110 38 -56 2 37 201 199 -176 58 74 -13 11 191 178 -123 73 53 -17 -41 132 -9 -23 
-100 -115 -139 -45 80 -160 73 -26 133 -15 70 -43 176 -89 -121 -59 -133 4 -98 186 132 53 141 -92 -102 143 93 -90 -54 168 96 -194 147 16 112 -59 182 -3 -37 -73 114 -91 -169 -143 -2 -22 189 158 145 23 -22 74 29 89 -123 41 -137 121 169 -126 10 -108 75 28 -165 -15 166 -117 42 -199 183 -81 9 -136 -68 100 -172 -81 33 127 163 129 87 -55 -57 85 -70 104 -38 103 -70 -69 -138 -71 -97 17 -187 139 -77 91 27 134 152 -15 108 48 123 36 -119 58 -109 131 60 -38 -178 -191 -61 -189 -178 -174 184 -19 32 -63 -183 -104 164 159 -83 -185 -110 -136 
-102 53 -104 -47 96 49 -52 26 171 111 43 -149 178 176 197 -127 -122 42 82 -53 -90 -148 123 -51 -10 15 23 -169 186 171 -34 -82 22 34 48 -144 -140 66 -36 -177 105 -4 160 -25 -151 4 -1 145 -176 143 -172 196 -62 14 52 -176 -110 -101 64 -178 51 140 -152 -45 160 -56 -175 -71 -105 92 122 194 100 -165 117 183 -182 100 -164 25 44 83 -4 101 52 156 -129 23 35 177 -144 -88 -44 70 -159 -117 -129 -146 -141 204 86 -80 170 84 -32 -50 -9 -51 -179 103 112 -74 197 31 106 198 -163 173 -168 -2 -67 59 -18 83 142 108 47 -192 128 36 177 107 
120 -51 58 -146 127 58 60 167 200 -143 -182 55 144 -41 -119 15 -112 161 -13 -195 103 171 13 115 -161 196 -39 43 85 157 199 74 -118 -30 -63 67 -17 78 -3 -93 -119 -190 167 17 -50 37 54 91 193 12 186 110 52 129 128 -10 96 77 88 -115 -93 84 -51 -64 -134 -22 165 -129 -46 130 80 63 16 -193 149 20 -118 -169 -56 -50 133 -177 75 160 -103 154 -104 -109 144 99 -75 50 -37 -113 62 130 -39 171 82 -171 -149 134 -17 110 -65 -108 169 71 2 -85 -119 133 101 -110 -92 -188 -48 -138 -99 -200 -182 4 -22 -163 12 -160 158 82 -150 138 45 -103 
94 -196 -18 130 -19 -93 27 -25 172 -145 -9 165 -118 -94 140 -67 -71 -120 117 -98 -33 141 146 -38 17 12 61 -177 -176 75 -199 -169 87 -130 156 5 -112 -103 126 145 53 -178 200 179 -130 168 -188 -28 144 -178 -87 178 22 -155 127 127 143 -133 203 -7 -26 -23 110 -10 -156 47 -26 -182 0 111 -138 -21 -90 189 -175 108 -150 -37 189 -13 -97 -90 75 4 22 -129 -180 -165 -50 -120 1 -185 186 42 -90 129 -13 -150 -83 -146 50 188 44 -109 -192 -84 6 85 -189 -8 -94 -165 -74 165 -30 170 -196 -40 137 2 5 -81 -112 -71 146 -142 -39 -199 122 -196 -141 196 
-23 -29 66 88 12 184 60 40 -57 -52 -177 -22 -75 0 -21 51 -189 56 168 131 -131 54 91 -38 143 27 11 -27 63 -173 -122 -85 -79 -89 -71 174 183 -49 -87 108 -171 127 195 -135 -189 -162 -125 33 -122 -100 14 -76 109 154 -174 149 -136 140 9 197 -178 41 -152 -96 -181 -152 -164 -46 181 -4 95 -185 64 -183 -142 -40 103 -99 39 -103 46 -158 -19 97 -119 -117 133 117 5 -13 109 -177 19 -41 -156 43 -189 -170 192 -160 71 85 128 104 -172 124 -124 117 -95 -195 -163 29 150 26 170 -51 159 -80 -177 103 -156 -31 -144 21 -141 107 147 10 -165 102 -13 40 
120 188 138 97 121 -69 -104 -9 141 177 56 -197 -175 -7 77 195 95 -70 -67 137 80 -123 -193 141 -38 -1 24 92 30 -99 30 157 -14 71 51 -72 120 -60 170 -160 -87 -178 65 10 120 -112 -198 134 -144 185 85 50 -9 111 -88 139 -63 161 157 -34 -70 -122 120 -4 -65 109 -6 -68 16 -159 -58 128 145 177 -163 26 -138 61 55 77 -192 -53 103 -126 -130 58 -80 174 0 106 -184 -83 78 80 -146 -31 33 68 -108 -162 203 -67 -130 -100 -60 47 -43 -168 99 -153 129 132 118 -107 13 -155 -194 117 185 203 163 -44 87 29 9 -57 -161 -120 140 -82 -129 -18 
62 -93 4 23 -182 58 -6 17 61 1 -76 -199 -62 93 43 -6 90 81 50 -20 -165 33 -167 181 -139 -82 75 142 -83 -171 -143 93 -16 61 195 -52 95 -173 127 159 -10 -141 -55 0 -162 11 -185 152 2 -57 -130 -134 -164 55 144 54 -23 -152 -43 154 33 176 -22 103 161 86 88 138 77 -21 -74 36 -76 174 92 -173 186 122 -38 -54 -166 -99 203 19 -21 -62 -119 -69 93 181 -110 -76 148 -84 157 145 177 -126 -63 42 81 130 -26 35 104 -121 64 199 -67 -111 105 15 81 -51 189 -7 -128 -194 133 -104 145 -48 77 65 125 -172 119 150 -184 -73 199 124 
-184 98 -158 -64 164 132 164 -192 -148 191 68 -11 -182 -121 -19 -55 136 -20 167 -170 -130 14 115 181 26 83 191 -153 -123 137 -87 -165 5 -98 112 125 -58 -136 89 -24 107 88 -123 100 -53 90 -67 -168 -26 176 -142 -185 13 -193 -199 75 119 -158 97 -24 145 196 -60 40 -48 168 -49 -22 -121 -171 143 -199 -149 54 165 -23 -53 -30 199 -186 8 -90 91 137 -95 183 -54 160 63 84 167 -138 -200 -3 129 191 -26 107 -59 -121 -187 173 25 199 61 -42 149 -144 -90 -82 -81 -154 -155 111 -68 69 -110 177 -56 -164 124 -30 122 -159 -160 40 126 -59 186 -58 57 15 
186 31 38 -138 -112 -130 57 171 126 131 55 87 107 -112 -138 -103 106 -166 200 -81 -39 76 -111 47 -151 -186 186 -45 96 97 72 -39 27 -47 -121 114 -97 61 -84 -54 -125 198 153 90 -3 172 160 109 86 -194 107 -191 -159 -33 -2 5 19 -180 -45 -115 -182 -16 -37 -98 182 -116 -146 50 69 199 -47 20 -145 -88 -40 13 136 72 92 179 -29 137 73 -81 -172 -187 -30 -150 -68 -51 91 -8 74 28 -93 -180 84 -31 63 183 145 151 196 -180 153 76 -169 -188 133 114 -60 193 102 -139 -106 52 188 -11 -68 -83 183 -106 -163 -71 169 47 -121 -101 176 153 2 15 
96 -12 62 188 -151 78 -81 52 203 -189 182 29 -189 -167 -24 -188 176 -142 -190 -65 -48 -48 -150 -45 15 59 57 120 -110 177 177 58 87 -19 -17 143 -161 -87 174 -121 -45 93 -115 176 -156 -105 118 -188 58 197 135 -164 -167 -185 182 129 132 -117 12 -141 74 -15 84 -185 79 202 187 124 12 181 -61 -143 10 71 -65 110 -64 93 -84 60 -102 -37 22 158 -186 184 -126 -99 27 -57 -77 -93 160 128 -176 201 -166 114 -109 -40 52 69 -26 -57 -23 -136 -199 -87 24 -137 -23 -45 -37 -63 4 22 87 -58 190 137 -184 57 168 43 186 145 106 -89 123 192 132 89 
-153 177 27 -110 70 201 -36 -129 -155 62 -101 -90 -88 -116 6 -32 -170 196 169 -115 -187 -161 117 -155 -12 182 -182 -140 -101 -101 128 -65 -111 95 48 60 -100 -11 -105 68 145 126 -117 134 11 177 154 -75 42 -172 -136 12 135 -84 150 -100 11 184 74 -44 -67 115 107 -64 66 20 188 -197 86 -44 74 -22 -150 101 -69 -175 -80 181 -30 28 -97 -56 -67 -33 -115 -97 39 192 90 -109 167 -99 -15 -102 94 -78 63 -53 -5 -116 -168 -183 -28 90 111 -170 -159 1 -96 -137 -16 -196 7 -168 22 -192 -15 23 166 94 -140 57 -4 6 19 128 -85 -75 171 72 25 57 
164 -103 69 -120 -145 167 18 -140 29 204 123 194 -61 193 -19 201 -55 -109 -102 -6 -34 19 67 -25 200 -136 -2 180 74 -15 -176 -125 -119 -89 -165 -165 -173 144 -143 17 155 -40 107 -83 -112 -90 -140 -11 -122 132 21 75 43 125 -124 119 86 -14 169 -90 66 -117 -51 -100 8 183 156 -165 169 -191 168 73 -57 111 -137 -84 -157 89 -86 -163 101 -41 -98 -85 -74 117 -70 140 -158 -43 48 159 -170 165 -55 90 153 24 97 -35 8 -188 -61 -166 62 -183 -77 121 -6 17 194 -198 -80 -4 -77 103 60 -60 127 -54 -165 -153 -136 151 62 -186 -35 199 129 162 140 104 
-111 198 -19 116 173 60 -195 -144 -76 -7 144 144 56 -139 -144 -190 -125 142 165 49 -173 -71 48 119 42 39 -41 182 -51 -90 159 -68 155 1 92 -85 137 -1 44 -137 -175 110 -184 112 -185 179 81 31 -184 -140 -55 -51 184 -132 18 97 63 -179 80 200 -173 -6 -174 137 135 75 -131 46 19 -195 157 -129 89 -140 -133 -34 -82 160 -33 -63 123 49 -28 162 -142 -62 -199 -85 -191 -34 -127 -197 183 130 -175 -7 171 -142 -82 -89 83 -148 -130 -190 98 145 -54 168 75 27 -106 119 26 -157 146 186 26 -197 31 9 -25 -141 -104 -39 18 -166 -174 191 0 -199 -163 -80 
-9 -93 -86 -186 -162 50 -100 169 198 -200 41 152 170 198 164 131 43 142 -77 -195 -157 -98 98 -181 155 35 111 5 -36 150 -171 -121 7 -60 14 -186 -94 76 186 26 -3 106 -24 -183 190 -156 -74 -96 -127 -189 110 144 108 -115 -177 -57 0 -157 -55 123 201 141 -107 199 197 122 94 -55 -115 116 -156 0 195 154 -120 -96 -79 141 -61 15 85 -109 -189 48 50 -197 -169 -117 -29 187 12 -179 -158 21 -171 -123 17 17 -124 136 -35 -139 139 148 95 166 131 193 -191 -181 102 -32 -167 48 61 -47 -39 -147 -131 203 -120 177 -14 191 -167 -164 42 132 -64 201 96 117 
134 13 110 -79 16 164 98 -143 92 -167 112 -130 90 151 78 95 -69 29 -113 50 144 -66 143 105 115 -167 -73 -40 -184 -165 70 -180 179 -142 -191 186 71 -36 162 -111 1 127 -130 31 12 -136 91 100 -154 124 39 -11 171 186 158 -154 16 57 -113 179 125 -101 128 187 88 100 -105 -10 173 -10 95 -134 182 39 -118 156 168 -134 126 -200 200 132 -131 -25 -28 -161 -97 -98 -121 -54 127 187 -85 -42 -7 -64 50 25 13 198 32 60 -126 -28 -137 -83 47 151 115 -178 5 35 71 -154 -65 167 170 27 -140 155 -156 -50 -162 -8 61 183 -5 8 54 -70 14 -143 
