100 100
31 3 10 14 88 15 34 77 41 17 94 89 18 49 20 14 7 1 22 46 97 84 82 29 84 32 78 90 84 85 15 74 75 87 84 81 38 23 74 40 36 13 63 95 98 59 61 31 73 23 22 26 85 15 46 46 21 3 85 93 80 69 85 3 24 54 15 8 80 100 57 69 47 57 13 70 7 75 35 3 74 10 10 53 24 28 95 17 55 35 11 12 57 44 61 22 85 28 33 53
6 68 42 73 74 18 80 14 1 73 37 2 85 86 12 21 84 85 38 53 39 96 42 88 88 35 17 86 68 90 76 97 46 50 22 65 32 53 18 83 39 20 85 66 36 35 56 15 60 68 35 83 89 87 75 52 23 9 16 18 39 17 70 26 87 58 97 95 83 24 15 44 83 23 80 61 3 39 83 45 11 73 98 78 98 75 96 42 91 43 99 93 10 30 68 39 50 9 19 75
87 65 49 12 53 100 39 4 100 48 83 61 34 41 7 84 12 55 49 66 9 11 100 35 16 75 87 80 73 92 70 46 97 52 40 9 29 100 17 46 6 67 19 28 84 44 91 91 19 68 49 63 3 3 40 2 56 70 59 50 95 48 33 76 32 57 32 68 45 65 73 4 14 23 23 74 17 19 60 1 63 44 43 70 33 3 94 35 73 68 84 92 12 59 99 88 6 86 87 49
25 21 28 78 69 86 97 1 15 64 59 38 15 63 25 80 18 29 60 20 36 58 4 34 10 77 61 99 48 30 22 10 57 85 85 91 87 32 4 15 18 45 40 87 22 73 4 9 11 82 60 9 81 33 41 46 7 1 70 50 100 31 7 92 28 40 33 27 11 22 41 15 79 32 48 97 62 57 44 93 36 50 95 79 14 72 75 19 19 57 88 69 38 84 44 6 96 66 21 12
73 97 26 3 23 74 35 57 33 25 97 82 35 66 88 41 66 36 68 9 86 63 95 79 17 10 54 26 51 39 22 36 91 30 45 24 71 43 9 63 25 35 75 96 27 77 22 56 7 67 10 100 99 28 38 37 100 67 75 63 13 11 10 88 52 80 60 59 97 91 55 62 16 39 98 32 84 36 92 15 11 79 53 79 90 78 8 60 4 92 85 14 89 10 74 50 82 65 54 35
25 57 82 56 41 79 66 58 42 64 48 34 41 26 90 1 29 11 87 71 93 43 32 69 6 44 51 55 71 4 19 69 65 90 21 88 77 19 83 51 15 8 21 49 77 83 73 62 100 95 23 43 46 94 21 82 83 50 26 17 60 2 16 63 64 40 95 38 70 70 72 41 8 36 15 24 63 87 20 71 79 26 42 45 34 43 64 54 18 53 41 8 6 93 68 67 37 98 58 44
48 43 15 79 37 86 12 14 28 45 37 20 53 92 51 15 86 59 9 67 78 56 87 31 13 69 97 35 7 93 41 48 72 42 8 33 15 37 15 40 32 25 21 69 90 84 85 52 21 62 11 5 32 33 56 8 92 40 70 68 16 38 81 53 32 63 28 29 63 13 73 1 44 58 63 99 90 87 21 69 15 78 15 40 21 25 26 89 86 56 9 59 64 98 11 3 59 31 85 52
48 94 60 57 7 28 15 96 58 70 75 47 42 64 9 39 61 99 6 49 23 88 2 92 17 38 98 35 63 47 91 36 39 9 44 70 24 72 15 37 13 51 85 50 89 71 35 18 8 81 100 35 90 92 90 92 43 51 92 77 47 4 33 52 44 50 56 35 61 95 94 35 54 70 81 26 7 33 99 38 60 29 32 94 55 83 90 45 11 100 19 88 8 2 35 42 95 31 45 57
67 58 77 80 24 44 80 63 14 94 1 9 84 65 86 16 41 39 68 47 46 80 77 5 51 36 39 29 26 100 82 52 81 35 4 34 73 22 61 17 9 88 38 36 59 76 99 13 54 23 5 71 15 35 74 22 16 92 12 81 39 60 65 2 25 43 97 9 48 20 39 5 77 35 49 49 75 69 43 25 74 24 5 56 84 46 68 60 25 42 33 49 92 83 88 7 70 46 69 4
25 65 46 84 1 21 98 69 35 68 82 80 46 22 54 43 77 44 8 86 13 99 21 75 51 37 85 42 46 100 20 70 30 44 67 26 1 50 90 79 69 79 31 69 60 27 11 70 4 79 69 88 9 27 35 43 97 52 39 93 86 56 68 89 95 74 70 39 98 39 18 63 92 15 56 37 75 28 61 23 83 87 49 86 96 17 77 88 98 8 85 79 94 72 81 86 80 6 22 90
50 56 94 73 28 13 17 35 40 69 70 82 88 84 1 98 76 63 29 96 16 77 52 50 49 59 69 40 44 7 92 12 63 87 89 66 93 52 73 14 10 38 79 23 25 96 80 22 98 60 95 99 14 45 11 100 92 90 52 50 4 77 92 65 66 43 36 29 65 94 85 78 66 31 9 39 58 71 56 18 70 89 59 67 77 37 12 43 67 84 93 24 82 51 95 73 9 47 61 84
48 75 40 90 82 69 47 60 39 49 6 54 41 69 47 24 41 19 9 73 25 20 81 31 62 77 52 29 87 30 92 96 2 79 12 81 75 24 99 93 65 90 84 92 15 38 97 43 93 10 78 7 2 43 22 91 75 46 54 49 47 80 60 49 20 24 50 45 42 90 33 15 76 88 91 78 66 31 69 32 56 85 38 68 86 32 68 5 51 91 81 86 71 77 3 5 51 41 47 38
72 100 79 37 57 16 75 9 12 63 65 54 49 30 47 63 38 86 36 73 91 15 59 18 11 86 59 39 40 49 56 83 64 68 80 60 74 2 76 21 98 75 19 12 6 95 70 78 79 81 38 95 60 55 47 8 2 51 19 74 57 57 60 7 78 15 41 26 6 38 9 40 8 63 81 20 37 97 34 40 55 43 76 41 40 21 23 15 90 4 66 11 11 39 62 38 50 71 34 42
32 53 23 71 7 28 11 95 29 12 93 3 55 19 47 9 97 19 11 15 77 60 37 83 70 74 20 14 48 87 60 90 42 11 85 37 84 94 26 17 11 77 25 61 94 85 47 11 70 15 60 85 23 11 96 73 11 99 48 95 15 62 85 64 19 39 13 56 90 24 88 100 67 39 55 58 42 22 73 66 19 36 50 89 48 56 49 86 29 90 2 44 20 82 29 47 98 82 98 52
39 19 25 9 35 93 13 63 75 76 75 8 15 35 47 25 72 95 1 35 28 36 48 6 51 52 3 88 84 92 89 97 39 52 11 99 80 35 92 69 83 13 76 81 94 54 12 59 18 20 21 12 36 5 93 35 9 17 83 83 82 73 16 3 3 95 80 31 95 37 3 58 26 43 31 39 8 64 89 80 55 29 51 87 8 71 31 54 69 70 61 35 84 14 75 80 64 23 34 66
10 69 18 15 13 18 95 47 77 90 76 99 77 96 65 50 11 30 87 84 85 9 4 71 62 98 64 56 67 98 92 98 35 23 19 22 90 16 35 21 99 40 35 47 66 28 80 73 29 5 63 87 23 30 70 4 64 64 56 91 83 24 38 75 94 85 56 35 88 9 80 2 11 59 78 32 21 10 29 3 2 17 57 6 25 23 3 68 15 42 58 66 84 96 10 72 72 9 64 47
42 4 29 44 85 26 42 88 2 6 63 38 83 100 61 64 1 84 20 39 86 16 29 90 74 60 12 52 31 41 88 14 69 2 31 5 30 42 58 20 9 51 5 44 34 83 17 12 30 77 16 64 74 91 11 37 9 33 64 4 32 33 47 16 4 8 77 7 71 19 81 82 84 36 48 98 33 10 35 51 56 12 72 83 81 14 67 71 9 77 70 62 17 46 42 86 62 36 68 2
32 44 82 45 7 30 41 5 65 97 8 36 31 97 72 59 78 87 86 11 5 99 78 82 90 46 17 28 1 30 97 64 40 22 19 32 36 73 15 21 23 49 38 72 84 78 50 7 53 9 84 92 33 20 76 75 71 2 21 99 80 95 34 83 41 38 18 72 88 79 55 59 73 74 1 65 2 82 18 30 65 22 40 84 45 68 8 49 33 10 88 87 8 91 1 37 29 2 94 43
34 34 50 84 16 76 58 39 97 97 1 59 83 67 54 42 16 69 23 93 32 43 5 85 82 43 31 56 20 34 57 100 65 91 79 51 32 91 49 29 59 54 17 66 93 37 73 71 47 70 34 63 98 29 90 65 87 32 69 55 29 10 92 91 98 49 31 80 41 30 31 33 41 7 83 44 80 5 58 67 29 62 5 12 73 17 90 8 7 58 8 99 28 77 61 83 5 29 57 95
58 15 43 69 52 34 36 59 97 92 87 78 81 84 50 71 55 68 98 46 80 38 71 20 83 60 76 17 52 53 92 34 70 65 1 65 38 59 23 92 79 96 89 30 25 90 90 78 47 18 94 53 35 77 26 2 12 100 7 32 27 96 31 59 91 63 82 4 73 32 33 16 78 74 26 32 13 67 22 97 52 10 70 4 58 94 42 89 37 87 73 36 25 72 14 53 48 88 16 70
10 73 70 53 81 26 11 4 4 95 53 39 14 4 66 2 14 23 36 8 90 86 6 92 79 70 83 6 51 40 33 86 69 96 76 81 54 65 48 5 36 83 68 72 97 89 97 100 43 45 8 34 52 57 70 74 62 4 75 3 72 87 70 13 35 27 52 14 31 8 68 54 62 95 33 17 4 69 95 69 81 96 82 100 87 13 10 18 23 6 47 72 87 18 84 17 22 61 5 46
59 53 98 33 62 27 31 61 41 54 70 35 52 14 14 13 82 61 37 66 19 76 36 15 39 61 81 77 23 77 51 42 77 52 37 4 9 52 70 12 45 90 96 20 94 68 44 87 3 6 32 27 26 66 95 12 57 3 11 14 72 15 89 96 73 83 43 39 75 5 89 21 25 20 76 93 89 47 44 39 75 19 34 80 38 42 70 48 76 90 88 66 64 74 52 24 45 84 19 19
31 64 76 77 51 5 93 35 9 90 37 1 78 25 10 51 90 40 25 87 23 71 81 34 14 47 73 26 18 88 34 2 57 4 56 66 61 50 10 5 66 75 47 56 27 31 21 43 43 82 10 8 97 65 87 3 72 87 20 72 91 72 31 38 1 46 81 58 69 66 67 1 57 3 81 62 88 47 19 17 54 90 48 99 76 73 48 13 71 53 46 59 73 5 25 16 7 14 84 65
7 42 35 20 85 87 29 54 22 49 25 12 79 38 61 42 27 54 13 97 68 48 82 80 28 27 16 45 47 29 26 35 64 22 79 84 88 41 47 79 58 71 10 23 70 55 74 38 78 99 55 55 39 61 51 28 23 53 46 92 71 53 84 61 28 39 65 36 22 50 47 78 86 3 77 80 23 3 70 45 78 61 76 18 24 87 12 52 96 82 57 95 19 60 2 46 73 40 44 26
35 94 76 51 21 71 18 54 27 73 13 75 81 32 58 77 2 44 10 51 62 37 94 57 22 81 14 39 36 85 5 48 82 72 94 76 25 1 69 78 17 95 72 56 12 17 68 56 77 59 98 85 77 28 62 29 16 2 40 18 55 38 20 41 23 7 91 3 69 67 58 85 58 56 75 25 51 83 43 55 50 14 16 73 64 63 82 40 26 96 57 73 49 88 46 32 14 77 68 51
99 94 75 49 41 30 71 58 28 61 68 18 36 34 7 17 37 8 68 47 42 48 25 65 79 25 72 22 23 33 93 84 66 96 49 56 29 93 33 51 39 96 60 9 27 59 77 95 38 14 58 49 17 87 33 42 83 2 15 74 70 95 8 78 67 100 21 75 76 22 60 77 59 74 38 45 74 34 2 36 75 11 28 76 45 10 7 71 68 55 67 34 100 94 61 81 48 61 78 2
13 20 48 61 4 77 83 78 24 24 11 32 53 80 9 10 91 1 89 62 72 53 97 66 81 18 54 92 17 28 85 77 92 34 79 88 89 26 96 53 76 32 86 58 100 52 72 64 25 49 42 54 82 58 64 22 2 16 25 63 79 85 80 37 6 55 64 66 99 45 40 19 20 99 97 20 73 54 44 37 87 73 72 35 48 71 95 96 27 67 28 93 68 61 42 18 75 67 7 90
25 92 67 64 53 51 77 85 49 12 24 11 34 52 31 55 85 78 35 32 82 11 56 57 25 59 83 78 56 94 48 52 55 6 94 82 25 39 51 10 3 13 33 33 24 83 60 45 15 11 47 57 81 26 55 4 10 76 19 19 43 37 59 52 55 77 33 46 10 55 93 90 10 46 17 95 41 27 85 84 25 48 11 47 83 38 58 20 27 92 40 54 12 68 39 12 6 85 10 11
35 65 96 34 5 17 17 25 89 48 51 85 38 9 20 16 46 58 64 59 4 29 30 8 29 49 36 85 38 61 20 77 49 40 56 92 64 84 93 56 75 52 3 81 99 71 11 30 52 5 83 11 84 39 73 59 66 70 99 90 9 51 76 46 46 5 71 98 74 50 99 49 95 89 40 10 83 74 3 96 70 70 95 100 46 24 86 7 68 7 20 11 86 37 90 13 88 82 99 99
97 57 11 84 1 95 4 42 67 72 71 7 2 61 43 6 40 99 73 24 78 19 74 14 76 55 36 72 67 78 9 99 63 76 64 9 12 14 51 63 90 94 50 56 69 1 48 96 18 68 35 27 31 19 20 43 85 29 89 74 48 4 53 64 85 40 10 52 71 46 95 58 7 82 30 23 53 60 54 12 94 69 31 63 46 51 17 27 1 96 98 96 40 23 15 20 7 89 10 1
40 64 74 44 23 37 65 38 24 8 83 51 59 99 29 38 41 98 5 89 98 15 73 24 17 38 16 62 20 30 69 83 22 97 57 58 25 21 32 81 36 29 86 88 27 89 15 90 6 44 48 40 37 22 44 57 53 28 28 77 2 56 2 65 100 46 74 98 66 75 63 64 52 76 97 4 18 63 29 8 30 51 17 25 68 97 13 17 89 12 19 36 3 9 84 52 17 49 33 99
38 38 7 85 85 13 83 4 18 58 53 31 70 98 37 88 2 1 65 59 72 13 13 72 25 91 39 36 47 5 18 11 13 31 48 19 97 12 34 3 45 30 35 53 58 99 20 50 33 61 28 69 25 73 10 3 28 8 27 73 48 76 56 4 22 99 60 97 87 33 55 84 49 98 98 48 58 91 33 61 83 33 6 61 42 91 49 59 47 92 33 31 44 32 22 43 98 23 16 21
43 39 96 77 37 38 89 50 28 33 10 93 64 60 12 83 91 59 21 53 10 25 48 67 87 82 31 63 64 30 7 83 63 28 80 93 58 31 76 29 83 61 54 68 69 67 37 83 22 86 63 61 7 85 62 10 97 36 49 55 66 41 21 41 52 42 32 67 47 20 71 97 63 6 66 10 68 90 52 25 37 13 36 94 44 42 28 81 76 95 77 73 62 45 43 95 26 34 51 26
47 56 58 76 53 8 65 89 13 49 25 30 79 51 5 38 34 36 19 7 34 56 23 76 62 2 21 58 17 60 60 31 56 82 59 46 100 22 59 34 42 34 79 52 76 92 84 68 69 86 18 10 44 20 37 17 21 92 9 58 95 59 74 54 74 61 1 27 70 45 10 90 82 97 45 34 37 60 42 97 29 61 20 99 82 9 29 57 96 98 37 55 71 48 7 54 10 74 67 18
82 91 60 84 10 61 85 33 83 82 31 100 100 41 9 26 36 44 71 49 73 33 49 95 73 90 10 71 3 42 90 98 22 49 8 75 2 10 64 23 31 88 26 67 40 80 40 96 100 45 12 75 50 80 96 25 84 93 74 51 74 33 96 88 36 90 29 50 43 7 96 76 89 62 69 96 80 33 69 44 63 49 13 80 91 70 52 2 45 73 64 75 62 90 34 41 92 85 10 74
37 95 35 40 62 49 62 84 41 24 18 13 82 93 78 53 87 28 35 56 67 25 35 24 20 29 67 56 3 47 43 15 65 1 78 23 86 54 39 1 99 62 18 89 54 13 74 2 28 55 11 98 1 75 49 93 37 14 57 57 84 8 70 92 21 13 48 6 44 98 9 47 33 2 25 6 69 91 97 35 1 24 63 11 85 42 100 13 78 9 13 29 80 81 17 92 45 90 38 29
17 83 13 84 52 14 87 59 94 52 3 68 5 86 5 65 13 80 77 88 23 39 27 30 69 11 53 82 71 15 22 50 60 59 80 26 100 59 88 40 27 96 73 4 2 25 71 12 72 35 2 69 46 63 73 86 97 90 58 49 10 64 66 9 36 54 76 57 96 70 46 58 22 27 31 25 50 87 57 31 75 32 62 13 34 4 21 54 47 82 67 42 16 74 85 97 44 30 34 77
40 74 26 80 52 31 99 31 11 90 64 64 20 17 34 4 99 25 96 41 33 60 92 72 63 44 69 32 97 15 21 37 2 64 10 79 4 4 89 44 94 59 5 38 38 38 50 30 35 48 52 27 55 44 31 44 86 70 15 18 73 89 68 92 32 86 88 40 70 68 32 78 44 85 42 91 60 13 38 79 33 20 53 71 24 40 63 64 54 79 14 39 73 11 84 99 90 86 54 54
38 31 47 49 89 68 36 30 10 31 72 58 7 70 22 21 31 9 84 25 24 68 27 85 6 43 14 47 7 52 93 57 85 15 97 87 83 66 69 46 8 50 75 21 4 82 14 65 2 30 19 74 19 97 65 95 71 4 88 55 40 27 3 24 4 59 57 31 93 30 80 87 100 94 8 32 67 15 18 53 86 76 11 81 85 48 77 19 67 90 62 25 65 83 10 44 54 57 23 17
64 94 17 90 55 19 6 45 19 86 49 6 98 55 59 45 85 15 51 5 19 27 29 81 15 86 21 36 31 58 92 9 33 72 35 57 4 46 53 40 65 17 54 77 10 51 92 46 64 73 29 76 19 55 45 35 76 67 5 50 32 56 2 15 48 21 10 39 73 38 37 76 54 94 33 14 6 84 70 95 93 78 6 62 26 44 64 12 22 70 8 13 89 78 74 13 81 19 89 100
68 84 66 38 73 9 58 32 48 33 44 25 10 12 68 2 67 77 89 26 96 51 71 15 64 75 45 94 47 99 5 68 59 41 57 69 88 56 90 41 34 57 34 9 90 6 59 84 74 94 87 18 86 5 63 5 30 7 46 64 32 97 66 52 78 19 32 11 60 19 20 35 56 55 93 69 68 56 80 28 95 78 82 56 92 71 35 42 49 56 75 88 2 27 91 11 69 65 12 15
85 26 42 12 21 98 44 100 77 47 25 92 64 32 70 92 67 17 52 96 48 60 52 96 64 11 1 14 18 51 14 8 32 22 14 69 95 1 71 61 49 13 12 6 76 42 24 24 96 97 49 73 89 89 7 50 27 66 89 30 88 62 69 33 97 52 88 27 92 61 10 58 67 16 26 53 54 78 19 3 39 68 54 55 60 16 11 4 20 5 80 42 69 18 36 84 5 60 88 81
49 2 2 96 80 63 93 23 26 19 74 93 31 7 36 24 42 50 52 24 80 20 26 60 6 57 68 48 42 15 72 86 78 98 62 85 20 48 67 9 98 13 89 86 45 11 51 8 94 24 60 66 4 20 20 1 88 15 44 20 93 65 94 19 12 83 85 74 53 7 48 40 77 90 97 77 80 100 67 95 53 30 8 32 80 75 24 13 35 77 8 85 75 55 46 36 85 76 13 94
82 11 46 89 19 95 71 71 23 1 22 56 61 63 49 59 56 17 3 79 87 40 87 7 87 68 87 6 82 83 95 77 79 87 61 21 22 74 19 88 24 93 86 39 66 61 50 85 41 53 31 21 18 35 50 66 26 11 9 62 94 99 38 56 26 25 18 64 36 82 57 91 52 55 2 87 10 47 47 48 96 83 21 53 71 5 43 11 42 69 35 48 78 75 43 61 45 45 2 29
13 31 79 6 90 23 32 3 67 40 51 33 72 94 94 30 35 69 21 61 40 98 71 99 31 39 28 37 97 9 85 49 80 67 88 31 84 67 15 43 66 81 85 41 67 85 84 54 64 14 41 15 62 84 24 46 40 7 89 25 72 26 49 98 82 35 29 83 75 19 99 99 40 8 70 85 72 35 56 60 42 20 21 60 23 37 91 28 8 24 57 56 63 46 23 3 13 67 58 40
89 45 49 64 54 91 5 8 62 78 22 79 17 66 59 93 37 62 31 99 30 24 57 26 10 58 28 4 24 65 38 50 40 24 34 30 54 7 26 32 19 47 78 56 42 19 13 17 23 80 42 89 64 6 49 95 95 72 29 13 21 59 97 43 14 90 93 56 97 45 88 100 26 28 22 77 74 77 8 53 91 83 31 17 95 82 8 95 84 19 72 7 19 36 43 69 64 1 23 25
30 74 28 28 62 12 12 78 36 78 38 28 6 48 19 34 43 100 79 66 7 56 68 57 78 54 51 51 41 13 40 71 13 44 6 73 22 97 8 31 21 47 58 86 17 50 71 69 82 17 36 28 55 75 93 33 66 42 22 65 11 14 100 49 72 24 17 21 8 91 8 7 64 79 89 22 71 19 82 25 3 62 95 18 73 32 93 67 90 66 11 18 32 51 60 96 58 99 9 2
74 87 16 1 30 78 85 87 85 98 50 78 31 63 59 88 34 90 86 35 9 16 20 49 79 20 99 82 50 37 84 82 90 42 68 41 64 7 16 16 51 40 74 68 26 10 88 41 94 54 93 89 71 63 73 4 8 98 6 52 68 100 13 37 9 45 17 24 48 67 74 89 100 53 84 8 62 100 17 23 22 98 63 68 29 87 5 93 73 94 61 68 38 30 70 100 20 62 57 85
37 7 41 47 73 69 68 56 34 68 59 16 75 29 19 69 98 97 44 27 44 44 12 87 80 62 68 21 84 45 87 62 98 29 76 59 21 43 84 7 83 19 8 78 38 55 84 73 49 46 70 45 94 16 35 9 6 11 69 86 10 36 26 43 49 46 55 48 83 71 29 55 68 97 96 43 95 87 75 37 33 21 29 49 73 83 30 34 25 31 98 17 37 54 79 54 23 19 78 39
15 81 11 28 16 96 87 35 35 100 5 67 31 29 53 8 16 32 99 34 76 93 88 18 30 11 19 6 29 5 84 13 92 36 87 15 29 33 40 47 6 23 67 70 40 56 56 8 97 18 8 26 12 84 67 75 42 98 82 47 50 22 51 46 85 73 32 4 80 65 99 92 3 13 42 41 14 93 34 7 19 48 53 20 42 14 36 16 7 45 85 74 96 52 97 36 99 67 68 43
79 60 96 64 9 39 58 78 81 93 40 3 78 95 25 31 18 77 79 64 64 98 49 87 14 43 83 63 29 68 73 26 68 47 97 75 66 3 42 7 91 1 60 1 52 6 6 74 91 68 93 76 81 18 51 70 48 30 92 61 67 12 97 81 43 64 32 56 31 66 89 95 82 77 99 15 93 24 92 68 100 44 97 99 55 1 89 16 61 48 39 64 5 46 19 98 79 83 99 49
54 23 68 66 77 48 13 85 38 45 21 54 69 14 76 20 47 16 92 1 29 9 1 84 67 36 79 19 16 50 60 82 17 81 26 19 90 45 91 43 46 42 89 22 28 2 95 21 89 28 35 83 2 61 52 17 62 70 15 1 77 22 98 6 66 58 15 56 74 85 36 23 59 93 19 86 44 94 62 61 92 23 32 8 70 16 32 79 89 53 94 50 35 4 40 1 87 83 32 23
73 94 64 39 40 66 40 7 75 26 66 87 66 26 99 19 48 57 33 60 37 19 86 100 71 36 50 82 53 8 15 26 51 95 22 80 23 29 7 50 77 38 92 79 78 76 57 2 83 96 65 37 87 96 25 72 56 57 44 10 12 62 31 32 93 44 81 4 51 70 70 88 99 63 74 73 41 47 37 95 14 43 22 69 13 20 32 55 37 52 63 74 92 14 46 11 22 89 70 54
71 99 91 26 23 65 62 85 17 91 55 98 57 26 91 91 30 54 2 96 9 80 98 3 30 47 49 27 38 35 78 47 73 50 96 61 56 89 57 23 89 7 94 89 9 67 76 65 4 69 18 85 38 6 99 36 87 72 45 14 18 38 42 4 1 7 95 63 59 8 11 29 58 86 43 30 18 76 8 64 2 80 64 92 65 31 45 92 60 13 44 10 18 85 3 28 45 30 43 68
3 79 12 30 18 42 67 46 83 44 8 4 87 9 73 59 38 66 84 33 99 67 41 92 6 53 80 50 94 76 57 74 59 68 24 16 20 93 98 87 97 51 94 35 52 40 5 82 4 88 7 19 88 81 93 60 64 54 7 37 90 68 34 25 85 37 85 79 79 18 47 30 87 74 38 56 28 90 36 19 34 26 4 71 65 88 75 9 70 84 93 1 22 52 30 62 29 56 92 40
97 60 31 51 25 14 70 15 90 13 24 62 4 11 73 6 99 69 43 93 65 7 87 97 99 84 7 83 7 94 55 53 13 98 85 99 71 2 30 25 52 18 41 75 80 57 64 54 4 79 69 48 1 4 99 71 4 81 74 2 79 72 61 35 45 27 23 86 34 35 52 72 49 3 51 32 36 12 89 34 66 44 36 82 18 8 50 58 66 39 1 54 16 55 12 20 27 35 64 1
24 65 45 31 60 3 14 17 28 8 64 81 71 65 40 77 80 92 87 9 46 47 77 52 23 47 3 86 48 28 100 61 46 68 75 42 29 17 64 34 62 82 37 56 22 8 48 39 99 77 85 90 62 71 65 5 85 11 72 77 77 7 39 42 3 69 11 55 52 43 70 53 81 96 10 62 71 75 56 33 96 76 22 11 6 24 9 29 1 73 58 66 46 32 40 30 53 90 33 32
39 9 62 57 37 36 5 67 81 98 16 17 47 2 70 70 43 22 97 38 33 77 9 33 52 36 42 86 87 22 75 8 67 19 92 83 27 56 27 53 77 58 38 30 68 30 12 37 76 45 93 69 75 16 24 44 29 87 47 52 80 19 81 63 61 36 63 7 65 11 1 25 88 54 7 27 59 14 86 44 43 77 27 99 35 24 52 37 26 19 39 7 9 3 63 7 18 96 67 50
66 45 56 48 75 57 88 58 30 64 73 2 7 82 54 56 26 78 1 50 60 21 81 20 42 13 73 10 36 24 58 34 87 5 64 24 72 41 67 81 89 91 59 99 44 60 3 15 82 13 71 98 47 69 73 81 78 67 78 98 88 63 97 8 30 7 25 74 58 29 38 21 43 11 58 47 82 67 94 50 48 6 40 55 6 55 11 30 76 5 33 20 40 81 44 49 37 6 55 79
61 95 8 42 66 78 87 58 15 93 56 24 72 92 21 20 79 64 72 28 80 47 44 76 66 85 100 37 66 91 80 30 80 72 56 24 86 65 81 36 88 64 93 5 64 38 10 51 28 4 42 94 78 72 73 70 86 51 71 8 10 48 100 6 61 84 17 68 92 68 90 52 1 59 87 71 80 87 90 19 96 20 96 44 4 84 99 52 49 6 12 60 93 34 3 52 99 76 76 55
88 28 76 5 25 48 86 16 78 19 94 92 3 88 93 65 90 44 85 3 64 42 67 45 75 82 38 24 39 82 33 24 30 20 51 41 89 54 24 63 66 78 67 37 44 28 16 40 61 25 19 5 81 10 29 47 55 15 51 12 53 69 48 7 8 11 83 32 28 99 20 29 23 16 11 53 48 32 62 22 36 9 90 50 94 100 32 41 82 90 75 65 79 92 61 47 67 50 69 5
23 72 80 94 76 56 51 92 37 21 14 4 9 9 41 88 9 56 53 27 40 4 46 81 39 55 16 3 15 81 21 10 92 12 51 83 5 45 82 88 80 83 17 90 65 86 75 89 9 88 29 40 54 18 1 58 51 54 79 58 95 73 86 22 61 9 77 72 77 70 29 55 90 44 34 52 32 19 38 8 13 88 17 2 75 76 61 99 18 100 36 37 68 67 47 47 23 84 61 23
33 77 2 91 76 91 25 40 3 79 26 60 5 25 83 12 3 95 88 29 21 40 5 75 98 84 90 76 46 9 75 81 34 22 97 97 32 98 35 88 7 74 30 96 92 73 52 36 27 92 69 90 34 57 33 21 90 69 46 97 35 78 52 64 45 79 31 18 60 75 27 93 64 12 100 77 50 99 35 84 60 13 98 52 61 17 77 59 35 40 68 73 28 63 80 91 14 17 71 19
84 3 66 16 74 47 34 98 98 52 57 75 10 3 67 85 21 60 37 90 15 19 30 56 67 40 33 96 41 51 88 54 47 84 64 49 96 43 67 64 17 64 68 50 78 22 62 88 36 40 95 40 20 22 72 16 96 58 25 27 56 81 52 91 73 70 31 54 99 70 46 52 11 74 70 59 1 15 25 29 3 38 30 21 15 9 100 52 4 90 51 88 63 97 80 31 54 98 1 97
23 41 64 42 16 58 68 76 77 67 33 77 62 30 99 42 73 42 71 83 6 9 62 20 15 34 14 91 16 55 58 49 98 83 6 63 56 9 35 20 6 44 52 10 19 97 20 90 62 79 97 9 50 86 100 7 67 82 63 82 42 47 6 41 35 58 99 37 32 35 70 83 55 65 15 21 65 56 69 55 87 88 94 96 15 56 43 22 25 46 89 67 94 28 69 23 18 12 79 20
100 8 93 26 95 86 83 12 17 81 2 14 77 100 25 63 2 89 4 1 4 62 2 44 21 50 53 16 74 53 47 71 96 63 19 79 46 71 92 82 31 32 87 72 49 8 31 88 59 26 55 29 54 60 23 26 40 28 20 7 12 82 41 38 54 51 64 5 90 82 1 51 72 20 39 68 100 65 52 91 6 96 29 59 27 71 2 90 55 61 79 22 23 70 16 47 20 87 43 76
21 2 95 61 63 96 24 23 64 75 8 34 39 26 62 27 100 1 7 30 34 82 52 75 29 69 85 71 85 26 44 24 47 18 10 66 98 2 98 78 12 6 12 29 82 94 69 12 10 74 84 100 32 55 13 97 51 69 8 97 51 46 15 81 18 87 11 87 90 56 44 39 62 8 91 5 84 72 87 73 33 9 40 7 67 28 21 25 13 38 72 50 62 68 24 73 41 64 55 83
19 7 61 14 99 25 75 99 5 23 99 39 49 90 97 90 68 33 70 94 67 17 81 52 13 8 89 8 65 34 55 17 69 85 31 53 8 66 30 93 99 82 4 82 38 70 76 69 25 8 38 9 71 37 89 63 28 67 32 95 79 96 42 25 57 83 39 98 63 99 58 81 54 24 42 8 14 67 87 93 30 33 52 43 86 76 5 78 90 48 8 27 17 41 92 67 7 27 38 60
13 88 7 40 55 19 8 23 7 100 27 10 59 64 20 56 17 83 72 71 59 24 31 99 73 62 2 100 10 34 88 62 64 7 78 72 90 34 77 98 93 73 97 73 3 50 70 87 53 97 96 35 49 59 18 26 9 50 63 33 74 41 7 22 64 19 82 64 8 96 33 61 86 27 94 59 35 14 73 89 93 4 38 70 67 81 45 41 78 97 79 18 93 53 100 91 10 71 48 99
91 26 32 33 94 54 96 29 26 53 40 43 53 63 54 17 54 95 78 3 85 29 91 39 75 65 18 87 40 63 68 22 91 34 31 88 29 18 96 24 76 70 29 66 60 71 67 73 55 34 65 1 97 53 98 73 47 20 38 86 4 25 42 56 4 5 74 10 52 24 34 40 30 80 10 93 85 17 16 72 11 80 51 37 55 97 42 84 64 78 13 4 32 62 6 62 38 81 91 44
43 59 28 18 32 55 94 36 13 96 25 27 1 10 86 18 38 9 55 89 27 88 80 59 75 4 77 80 46 48 89 24 61 9 7 19 15 66 39 1 73 19 17 100 60 12 59 55 68 90 21 62 38 2 62 87 12 75 57 53 96 53 40 27 52 10 88 47 60 71 50 16 84 78 67 40 44 10 85 13 75 86 49 78 95 89 66 96 55 30 74 33 16 68 25 42 15 44 43 26
63 47 98 100 57 80 8 32 86 90 58 9 82 51 2 53 35 36 11 53 23 23 90 26 83 14 82 49 93 65 48 40 87 16 8 61 53 38 14 68 81 53 7 35 29 62 66 35 50 4 83 6 86 41 66 57 71 55 35 91 31 94 7 78 98 18 11 91 93 70 13 27 46 68 22 51 83 35 21 37 17 64 30 95 3 92 50 23 99 18 47 94 67 48 95 70 12 6 28 63
64 40 14 43 16 64 86 29 72 52 37 77 22 94 62 15 2 97 44 93 34 40 14 13 96 21 64 47 95 90 100 37 46 64 80 64 68 66 61 76 27 80 65 13 76 34 47 34 45 7 11 24 15 89 17 19 37 77 7 39 60 84 86 98 64 62 72 71 50 10 78 91 62 10 7 51 53 4 6 1 7 39 99 94 11 37 28 52 69 68 34 36 34 47 35 53 25 13 66 70
1 7 11 38 85 76 58 63 61 87 67 83 89 66 49 33 25 47 53 16 8 80 90 88 56 25 44 71 17 15 44 42 50 50 17 42 16 58 57 31 21 26 47 78 63 23 23 11 27 76 91 15 42 78 38 13 89 6 29 77 93 87 27 94 96 58 29 21 92 91 77 68 94 86 64 13 87 39 8 69 88 9 14 9 54 45 53 82 47 83 93 8 17 24 95 94 44 72 37 65
54 42 71 14 54 75 45 62 71 22 85 36 16 21 6 89 33 87 14 3 83 61 56 9 98 13 41 100 26 61 18 80 96 15 45 31 92 3 25 65 81 73 29 57 20 83 33 13 19 72 14 4 11 84 64 59 65 98 83 14 52 11 8 7 31 86 82 73 90 48 29 95 7 75 81 71 90 93 7 65 9 92 12 51 54 49 55 35 89 9 57 8 70 13 86 38 13 8 78 49
79 83 63 82 37 80 70 74 18 25 75 17 93 99 7 16 25 54 31 29 24 7 14 1 91 47 46 55 49 63 56 19 8 82 94 14 26 55 32 34 9 42 75 3 39 72 30 1 32 77 10 85 71 36 54 49 96 56 85 15 91 41 49 39 71 68 98 39 51 15 9 73 82 17 51 15 79 75 51 3 79 43 45 96 45 65 79 37 46 29 91 94 56 33 47 80 1 56 53 48
30 16 4 67 26 14 10 73 70 82 21 51 34 33 49 92 65 39 88 36 87 93 87 64 64 37 47 3 55 71 19 62 21 1 8 28 28 25 49 3 11 29 30 56 4 16 83 77 22 30 74 8 48 58 6 21 28 46 94 51 26 12 9 64 26 77 4 60 89 46 5 58 1 69 98 52 53 74 20 43 82 76 5 77 24 32 45 6 74 35 87 49 60 31 58 52 30 39 15 32
98 78 36 2 51 37 28 2 19 38 67 25 69 4 92 42 24 5 1 68 56 8 24 35 88 17 39 51 52 28 81 39 74 83 95 98 35 19 38 62 61 33 49 56 9 91 82 78 80 92 5 55 38 2 35 98 76 38 56 40 98 6 38 62 38 72 28 50 72 84 32 14 6 55 91 37 22 74 99 41 73 26 16 36 80 37 12 58 71 31 89 38 60 66 60 76 53 48 12 57
54 35 79 8 27 75 23 52 44 57 72 62 47 5 86 55 68 29 95 19 73 25 15 46 28 64 63 88 11 51 30 75 96 86 75 85 45 64 45 87 43 62 33 70 23 90 99 85 57 92 35 90 5 78 86 73 29 67 44 41 97 61 85 37 70 11 44 75 56 9 94 38 89 41 55 56 68 72 37 75 59 70 20 72 4 72 34 46 80 5 84 48 69 98 85 98 76 13 58 63
7 73 36 77 41 24 43 27 75 31 50 98 3 86 10 89 19 54 16 86 60 54 10 16 44 45 23 42 90 30 81 47 56 50 74 13 13 88 66 92 35 94 98 29 52 32 4 52 94 13 1 54 23 11 66 42 41 63 6 77 59 88 97 1 8 59 69 22 99 41 17 58 62 65 9 49 38 91 37 81 49 79 8 46 83 93 90 46 45 20 32 79 83 9 34 76 72 73 67 16
80 54 3 71 7 80 75 8 6 18 75 98 53 82 77 94 13 64 63 94 91 19 86 29 30 54 88 27 47 2 14 98 32 55 14 88 74 33 39 21 56 8 48 27 8 80 36 90 95 63 9 57 81 7 75 89 62 10 27 72 86 34 99 7 45 61 29 20 37 70 43 47 51 20 81 73 9 1 28 30 14 63 44 33 80 29 22 77 24 23 69 15 49 88 13 55 25 12 83 3
48 36 77 30 43 85 50 29 55 53 90 38 86 30 67 21 94 8 44 84 84 76 30 28 66 16 36 41 2 82 37 34 21 64 14 52 39 59 62 62 74 49 1 73 73 19 82 51 40 38 6 39 33 56 41 71 69 29 21 82 11 79 27 69 86 1 46 91 68 32 5 98 77 78 81 39 5 71 76 13 2 24 42 31 40 7 7 10 17 77 67 38 98 48 92 92 18 49 56 77
57 88 96 57 82 76 100 11 23 5 54 28 47 7 98 87 48 96 97 7 33 67 73 78 51 13 11 60 1 76 15 16 4 12 100 87 60 96 13 36 33 14 52 16 92 64 27 23 59 84 46 54 61 93 1 56 58 60 28 100 19 32 61 75 28 74 39 85 15 39 10 66 59 62 92 70 95 53 92 9 76 48 65 69 72 6 89 39 69 45 2 76 64 68 14 91 50 92 94 58
9 31 76 71 30 38 36 86 56 90 29 37 57 54 100 92 63 78 40 98 65 37 89 18 29 21 63 78 99 57 26 3 85 30 66 24 78 57 39 34 40 80 30 30 19 71 63 12 47 67 77 42 9 72 17 56 19 24 76 27 57 46 89 64 23 78 12 87 39 51 23 76 50 9 80 60 1 1 33 48 35 30 2 24 23 85 54 35 43 78 18 66 16 55 16 28 21 44 75 68
54 60 63 76 79 59 81 21 42 39 40 30 3 27 64 87 60 33 59 51 79 11 93 55 76 93 41 27 75 86 33 10 53 66 76 40 76 20 6 81 27 69 68 80 81 25 55 30 35 45 27 83 1 41 77 5 64 1 98 97 13 16 50 32 42 89 89 83 64 91 73 34 62 57 88 57 98 54 25 36 7 65 50 35 24 2 69 68 6 86 60 94 45 90 3 11 19 79 72 95
77 66 99 97 38 91 43 68 85 86 25 9 55 91 20 95 83 17 54 47 42 45 83 22 32 98 1 10 53 73 74 65 90 24 95 57 24 59 53 71 55 20 41 19 3 44 88 62 44 52 11 92 80 73 63 25 6 66 57 53 47 36 85 18 100 83 22 20 22 7 41 25 29 77 46 38 95 2 85 99 35 61 77 6 7 17 16 41 75 31 99 27 85 34 10 32 24 40 17 50
74 81 30 59 6 99 24 94 77 39 87 88 84 9 53 49 34 64 32 100 57 78 24 70 51 60 81 1 27 24 25 47 55 75 40 80 54 36 30 38 20 6 36 64 18 96 75 49 35 90 79 75 25 27 87 95 68 100 80 84 84 3 99 4 65 20 64 89 52 83 18 33 2 19 87 54 25 16 39 16 75 46 27 96 92 85 25 36 17 50 84 28 62 59 32 58 35 1 17 89
97 25 2 11 44 92 74 40 67 43 87 8 92 29 63 16 89 7 55 79 50 77 50 84 56 23 79 93 6 23 52 62 98 63 90 94 15 58 86 56 5 20 20 56 51 54 88 50 16 32 4 35 66 16 38 35 14 4 90 87 75 68 100 62 33 30 83 2 22 20 47 55 24 55 10 18 48 66 72 22 72 12 3 62 1 7 76 96 25 88 71 80 41 64 71 39 76 79 74 40
2 35 9 46 26 83 9 24 46 44 92 28 65 3 50 41 42 75 48 2 81 81 66 90 33 16 13 10 92 100 66 73 84 50 92 55 65 49 79 95 58 32 14 95 84 46 4 71 25 60 35 39 98 22 6 90 6 57 69 41 55 32 64 33 95 2 5 69 30 77 2 78 5 62 81 42 63 59 51 61 98 34 6 28 63 47 27 3 5 54 25 67 98 72 40 78 38 14 1 66
11 19 74 11 95 62 21 47 44 75 100 48 48 97 70 23 95 12 19 35 80 59 58 46 72 23 10 6 59 90 81 44 12 32 27 77 38 86 38 9 88 69 16 6 4 60 25 35 72 39 4 88 69 77 10 50 42 34 59 8 25 88 49 23 38 50 8 83 23 26 49 64 94 26 13 31 37 48 5 5 24 23 17 82 69 74 89 89 5 48 74 78 55 71 33 100 38 67 81 27
84 87 29 88 27 68 87 73 25 79 82 5 4 36 89 48 41 19 1 86 95 68 87 59 12 56 6 78 45 13 69 62 97 29 87 89 59 50 17 73 31 2 36 81 61 52 60 74 3 73 56 4 76 37 60 2 38 20 92 100 70 82 96 92 81 30 31 82 23 94 71 46 20 40 38 10 30 12 87 96 67 4 52 14 79 11 74 50 54 23 24 30 72 60 27 39 26 41 20 51
33 26 95 59 81 52 67 32 69 93 24 67 80 69 55 94 48 63 94 92 3 68 41 90 60 8 77 84 58 27 41 72 81 36 72 99 87 92 93 100 36 27 70 64 31 51 42 67 23 2 40 54 94 43 84 42 46 36 1 97 97 3 46 36 88 65 88 9 13 43 83 90 42 29 94 14 39 27 47 61 74 74 51 77 55 63 72 25 63 59 83 24 75 90 12 78 84 5 60 38
80 38 47 41 20 1 17 87 10 46 59 84 10 7 12 71 85 30 27 68 56 65 23 21 49 10 34 76 10 89 37 32 92 35 23 16 89 73 58 28 18 5 16 91 15 71 21 49 51 54 65 76 72 67 66 52 48 10 59 93 20 25 72 34 86 1 98 27 70 16 41 28 12 78 61 100 78 60 64 95 63 81 43 24 65 65 77 49 26 78 55 93 99 59 57 52 85 37 47 42
87 34 2 42 91 4 6 32 45 1 69 58 38 80 64 87 6 58 95 73 16 19 67 37 61 72 76 65 67 46 44 24 11 64 68 42 67 17 50 87 21 33 96 53 72 52 81 34 39 37 80 50 39 6 91 7 70 61 72 2 84 59 15 55 24 76 12 48 34 17 38 67 97 27 78 67 11 17 63 75 40 58 99 64 36 17 53 47 45 22 32 72 54 19 65 74 71 37 61 14
87 83 23 21 23 19 23 20 85 54 59 19 52 62 85 94 44 72 12 12 29 13 66 87 10 66 33 89 5 26 55 3 43 53 28 58 99 46 40 33 31 30 16 51 44 67 5 100 26 95 38 70 9 94 31 8 78 20 59 59 13 63 13 4 60 87 86 30 33 42 10 42 96 30 78 28 73 96 31 75 70 81 32 4 55 64 18 87 95 34 53 5 20 81 96 89 39 38 31 7
71 43 96 22 97 58 17 42 19 69 38 100 15 54 100 22 10 55 21 98 34 77 69 58 43 34 9 52 14 5 70 73 85 66 8 40 77 67 50 35 87 54 74 26 15 35 15 62 12 59 10 2 39 95 90 8 35 21 32 67 13 2 69 55 63 39 38 46 42 43 69 30 60 73 77 11 4 67 25 3 80 100 100 16 36 69 1 28 28 99 50 100 67 91 47 97 41 87 27 73
88 100 61 53 51 70 89 12 35 76 83 45 95 37 5 77 56 51 47 5 75 93 34 52 66 90 18 97 4 7 79 48 81 96 14 14 60 100 56 48 87 25 53 5 79 62 48 83 5 59 98 19 92 87 72 13 62 86 15 31 58 33 79 80 82 23 56 38 86 39 12 14 12 48 38 13 75 75 53 41 83 100 50 65 29 91 94 49 4 97 43 12 46 76 1 61 55 30 66 18
11 98 24 14 12 9 35 49 67 76 52 81 97 68 10 99 56 78 96 38 9 95 84 18 81 62 3 18 65 67 44 49 35 65 74 78 13 18 94 88 66 43 38 22 8 50 75 97 52 12 22 37 90 40 85 38 82 10 16 45 34 27 65 60 99 61 2 47 43 26 59 9 76 47 45 94 5 36 88 77 80 27 45 32 41 28 95 54 43 77 73 42 84 47 19 18 94 95 58 43
33 60 30 2 21 89 49 81 74 6 8 70 29 42 99 61 71 67 39 49 40 60 58 61 86 69 64 10 16 94 91 92 14 90 48 24 39 57 47 65 83 43 12 61 71 59 55 25 22 29 60 38 23 70 85 79 37 63 7 26 80 60 15 70 45 74 8 64 6 69 72 83 60 51 15 59 60 57 72 17 22 18 22 53 50 96 70 85 60 11 24 6 53 57 93 47 39 44 26 13
22 47 29 59 27 42 46 9 64 23 7 12 53 29 36 42 41 69 91 64 64 68 11 19 37 39 69 39 32 57 8 11 41 36 57 52 13 88 35 92 77 63 56 46 43 74 10 49 16 63 74 94 24 28 59 64 45 46 21 31 32 15 5 12 67 9 76 30 26 55 53 66 6 45 35 94 25 14 4 29 51 19 68 27 20 45 86 44 57 87 15 47 26 32 34 83 30 11 9 88