132 132
12 61 127 40 167 61 -125 34 176 64 42 -154 48 59 55 159 60 114 148 80 118 -98 -66 122 -17 -102 -132 -5 -53 196 -70 76 -59 194 -27 103 -85 -65 122 -58 -148 -106 11 -1 -154 -8 96 66 -187 -108 177 -170 72 135 7 -150 -53 105 -58 141 64 86 25 34 -155 128 -68 106 -97 184 180 112 38 -110 152 -196 123 15 -190 204 -185 -88 -160 68 -54 -119 -170 97 -90 -65 138 -96 -40 -163 162 -100 -83 -13 -93 -19 -55 -55 -21 -105 168 -175 14 53 -67 125 -14 -23 -45 -5 -50 20 60 -2 -161 -88 -187 68 107 181 6 -49 17 -12 149 98 3 -133 
59 177 52 60 -120 73 155 126 154 117 -5 -199 -78 165 -94 -76 127 -73 -142 165 204 172 106 45 -36 -78 -128 5 -76 180 123 102 58 18 -76 -38 -178 1 125 6 -158 -10 -184 -113 9 -164 116 -184 63 122 -81 -93 -190 119 188 -12 -198 -153 -194 -140 43 154 -32 13 -40 22 130 -37 37 -14 80 -119 -129 -58 35 -158 -95 -158 -24 -67 -15 23 -153 6 -13 -17 -198 -107 91 29 103 69 -109 146 -155 -60 -18 136 192 -179 -40 202 -26 142 109 -27 -178 -121 -95 2 -104 -94 -191 83 76 -83 -133 39 -189 -153 -11 160 31 137 -136 76 -142 19 143 104 -162 -99 
37 -188 -39 165 -189 -124 166 6 101 -64 81 -27 57 148 30 105 -1 -45 68 138 69 138 -126 175 154 69 -88 185 -150 -126 -197 -40 107 -199 -5 -64 58 54 -169 33 -22 -133 130 170 -165 -137 141 24 -83 9 -183 43 -107 61 116 92 -55 47 110 169 -69 0 -186 -43 -192 140 -173 47 107 -102 -190 -31 34 -180 -154 -74 71 -119 -168 140 170 -132 125 -150 32 -175 -174 0 -166 133 -48 -93 199 23 204 55 193 195 -184 78 -178 -189 79 27 159 20 42 85 -130 -154 -58 -93 -112 -191 -167 50 49 -65 -109 -193 -187 -155 -54 -61 -138 94 -111 -191 90 -62 116 -189 
81 -9 11 -187 41 84 114 75 160 9 -108 194 26 -96 7 123 111 -118 190 30 76 115 -3 200 -51 160 11 190 149 -50 -128 42 -61 33 -11 -55 -26 -166 67 -67 46 14 117 51 117 26 -109 154 186 170 -6 173 -196 58 -197 18 70 -36 -109 -57 6 201 50 148 -133 135 194 27 51 101 107 -103 52 111 39 -56 -98 -157 147 28 36 -115 -12 -57 0 200 77 136 40 -140 -138 41 -95 57 197 114 136 -108 201 -133 162 -103 -167 1 92 -56 92 135 129 36 22 -171 32 -64 -151 59 -153 60 116 -119 -124 -4 54 37 -111 -104 65 127 3 -93 189 -119 
-5 54 -144 79 -120 167 102 -124 133 -132 175 -152 -62 -186 -141 -178 -58 166 -179 -3 201 -86 -8 95 201 -109 11 173 142 179 138 -123 -155 -11 181 166 140 21 100 -165 -146 20 -147 170 124 23 96 -49 -127 36 107 -187 -181 170 -196 173 75 16 192 33 -189 97 -176 -136 -197 127 203 97 182 159 -89 73 -160 161 121 -131 -50 55 35 153 -168 197 69 70 161 -101 -176 30 159 41 157 99 89 65 35 55 166 -113 -73 -94 -81 -179 -30 44 32 163 -180 -158 191 8 159 -68 -188 167 -190 97 31 62 183 29 90 -63 60 151 -171 -122 143 57 -189 99 -36 -168 
-125 66 104 -191 168 98 16 -29 -198 184 -59 -195 5 70 43 -172 53 200 -2 -72 113 -121 -145 176 111 -63 126 81 -157 180 -87 -91 -35 134 -63 34 189 -162 -45 -62 -39 -127 -133 84 -1 -171 63 -195 -163 59 -194 91 -135 -160 103 -44 191 38 166 138 -51 152 -19 -29 -97 -129 106 -27 -166 -138 -106 32 29 184 -187 73 -12 -30 179 -38 8 -11 -62 -129 -6 -6 -52 -119 -66 178 -165 36 20 -163 171 54 8 134 -170 -112 -148 39 -114 -65 -29 2 -141 85 -39 13 90 31 177 141 121 38 138 -90 -51 137 -186 154 126 189 147 66 -119 -9 -7 -41 151 -160 
-19 40 189 -66 -44 34 -118 -174 114 80 105 -54 159 56 -121 -58 137 166 61 -99 98 -37 -198 2 -183 -149 -77 -182 179 -200 -117 92 163 139 48 117 -50 -27 -36 16 33 94 -77 -155 -29 -116 149 -50 32 -75 35 169 45 -196 -147 -111 -69 23 99 177 -126 -94 68 -104 135 6 124 -39 120 120 -20 -44 -89 179 -148 65 -169 -22 53 -182 67 171 -177 117 -75 80 -146 62 -25 0 9 -111 -198 -78 -75 -80 -160 -83 68 -42 29 170 11 -40 144 -149 -3 -64 161 80 124 -89 -119 68 -14 -68 -196 181 -14 127 42 -196 -141 2 82 98 91 -181 -177 -55 136 -8 
-155 19 -66 140 117 44 -144 199 -34 140 -114 -14 121 194 74 4 -48 106 -178 -108 20 64 58 147 -180 78 190 -143 27 -39 -22 149 -62 170 -170 -1 -179 -129 -60 184 70 -100 -126 2 20 118 -164 116 32 54 -51 177 4 -6 2 157 -58 112 49 95 188 38 -149 -92 72 116 -20 55 -146 -139 150 -176 -114 118 16 123 -177 14 35 -153 -92 22 -60 -19 -118 -179 100 67 -40 -157 102 -14 -155 49 -191 164 -191 -45 59 -189 -197 -66 187 64 -168 134 38 -98 -25 -145 19 194 53 -193 -24 122 152 -30 153 116 -9 -72 176 -3 -52 66 110 -7 125 -12 -54 188 
-139 -189 -46 31 129 -106 -131 -93 -87 -186 145 -70 -74 -190 36 4 -104 -142 166 -65 -50 8 -104 -14 34 -39 -2 -116 179 -90 124 -118 21 -182 -39 -138 -17 -46 42 97 82 -135 163 49 0 -173 -104 43 14 -87 -59 165 -44 -68 -102 13 -159 -193 135 126 137 21 66 -187 70 79 111 -106 18 -146 81 -175 -83 182 29 132 138 -146 -60 46 -8 -44 -115 33 -76 150 -194 -63 120 -120 172 -4 -33 16 -148 -110 0 110 104 -140 -153 149 118 -141 -134 -72 -104 -37 5 93 -56 23 -77 8 -199 182 -28 105 -149 -180 203 -152 -41 188 -164 195 169 -180 6 38 -157 100 
92 -22 79 -42 171 87 123 -70 -132 137 -113 187 101 -108 97 -162 14 -156 64 -77 33 -12 -43 -22 116 -151 -116 -83 77 186 -163 -60 -39 -107 96 81 66 -178 57 -183 201 184 -51 144 -190 33 170 49 170 24 -133 -96 156 -31 18 59 164 87 86 -112 3 -129 -11 124 78 -157 96 -14 200 117 55 12 58 -171 109 106 154 -151 24 39 -52 -118 97 25 108 66 195 112 -52 199 47 46 180 -176 1 -19 54 -24 -195 36 -195 135 -131 -105 -88 80 144 83 11 171 -135 48 -127 74 178 -57 34 -52 -62 22 40 82 49 98 -7 168 179 -152 109 -166 -39 -11 
-66 51 -143 -146 31 125 32 -116 81 12 102 111 -140 -162 138 -79 -128 -109 108 -125 2 -165 172 -47 -163 16 -182 -137 -146 -28 -115 -196 -179 -163 174 77 79 166 -46 -77 51 202 132 61 25 -169 -195 20 171 -32 155 -41 1 162 -112 128 -94 -104 37 -41 -87 -67 -91 49 114 72 -36 145 -79 198 -111 8 -189 158 -41 -66 -119 100 17 97 63 51 132 -44 5 -50 87 127 191 136 130 -130 -102 -135 164 -126 45 -80 193 -161 27 18 18 150 -140 -97 193 -33 -52 87 196 -189 96 -191 -107 153 180 -96 -163 61 76 50 1 -66 28 120 173 -154 -140 -40 4 -46 
-141 29 -85 157 86 67 30 197 144 -161 -34 -172 -196 -79 -105 -171 90 121 27 -161 -42 -36 159 -117 -86 39 66 -77 4 163 -42 -131 -112 24 165 38 178 -137 80 51 181 12 -35 -196 141 57 -9 80 -99 96 130 -23 31 2 103 56 181 -28 177 -136 -88 -103 8 -27 -21 2 -61 6 26 -78 -57 -30 -26 -156 -184 3 -167 89 -169 184 -15 -75 -178 -19 -120 87 -63 185 35 70 -173 33 31 -59 -95 48 199 163 -180 73 127 -139 -175 192 45 -8 156 81 -167 89 77 24 105 -89 192 -39 104 -63 -32 -199 101 -125 157 187 200 66 7 79 9 99 194 45 
-33 -94 134 -56 -93 98 -199 -103 82 -72 -26 91 -177 152 108 -174 -115 -121 -102 -152 -10 -59 84 -118 58 -159 66 -150 -121 12 26 -68 42 80 -137 -133 80 9 195 -84 -87 85 183 -135 116 140 -149 93 -178 37 34 -142 -80 -190 -59 88 -153 -157 34 154 81 -103 105 -51 -162 203 -175 -3 76 177 154 -4 75 27 -51 -164 142 -27 -93 -139 -95 -72 77 -35 -90 36 -142 -44 15 46 68 -35 -129 -44 -197 104 -148 -107 -178 167 12 43 -91 198 -96 -174 -65 -112 68 -46 152 51 -76 81 -72 106 177 161 167 53 -4 -186 120 77 -76 186 -93 -199 -25 186 -143 9 
-195 61 -105 -23 149 164 194 107 -140 179 -143 168 -130 14 98 12 -71 -69 191 -67 -168 -70 -58 -132 -98 -23 194 -141 -106 -110 138 165 -25 76 -62 201 144 -100 174 -28 91 143 113 -82 -63 -151 85 22 194 102 -144 164 172 164 -108 132 75 137 -167 88 -96 39 -142 -139 35 136 68 -78 -171 118 -70 -26 -81 -58 192 20 115 -86 -6 -132 179 14 103 -105 -155 82 125 -157 105 56 -185 91 97 -152 33 144 102 88 111 9 156 84 123 -3 -84 -121 -30 181 195 -73 133 -110 104 17 51 99 -97 -139 191 200 -142 137 117 82 -41 -54 -142 -164 91 -21 97 -85 
-146 73 -1 127 48 52 -68 -96 166 -188 201 -182 -16 -141 -170 -75 -16 -124 -161 176 -195 174 113 72 -13 -49 -56 -15 120 60 -147 106 -127 158 -186 -156 79 -47 -44 111 -181 95 103 -7 40 -111 177 -60 -73 -102 -166 160 -190 166 184 -133 72 89 -110 -184 105 -25 -188 36 155 -193 27 42 -26 85 120 -98 -46 -109 -58 146 -118 -148 8 104 179 -100 -74 -64 -59 -93 108 -117 -100 -22 -98 -28 163 -25 -198 171 34 -99 86 201 -97 -59 -101 197 -46 132 27 -192 135 101 62 174 175 55 67 -107 64 -200 -137 -71 172 -157 -16 83 -195 106 -149 -36 -146 -92 46 2 
-169 23 181 96 -188 -69 57 -76 5 -24 64 110 -44 -69 11 -187 -161 45 35 13 170 112 -62 -16 -41 -189 192 -119 164 -100 163 139 -74 -177 35 116 126 -184 -64 23 117 -173 -59 74 172 109 113 87 -57 -170 198 -55 190 201 173 115 134 -52 43 186 94 154 88 -112 155 -154 -55 164 78 114 174 -161 81 -195 -175 26 56 155 126 91 36 165 127 138 -80 132 85 -97 44 -44 43 129 194 -65 77 -58 -123 -14 192 -51 -139 139 -137 114 118 -143 48 127 -150 -161 3 -188 -16 -167 -197 -3 57 131 83 194 9 -115 -186 -27 -2 -79 184 -16 -133 -60 49 188 
-129 -186 -82 177 -161 131 -69 -67 3 -56 -101 -159 -145 -156 -191 -64 -113 -183 -31 12 147 -14 -7 186 54 187 -142 -104 -112 6 200 184 -103 72 -162 -39 -133 170 -193 11 -52 -166 173 164 -83 194 126 168 108 -182 152 201 -31 -99 -199 -186 -101 200 -39 169 -94 -119 -82 -154 -69 25 132 8 -185 125 -193 -86 133 -114 171 157 -167 -130 124 -106 4 158 27 190 -3 -119 -127 134 80 33 -57 -121 91 -135 -111 94 166 202 -106 -152 -98 -59 -142 -194 -8 -128 -154 -193 -127 84 188 136 -132 -151 5 16 146 -25 -166 195 133 -39 -144 -80 3 56 192 28 189 120 38 22 
143 172 90 51 -28 166 163 109 104 -178 93 94 199 126 -114 -85 130 28 -84 58 202 59 -41 177 -189 -54 -105 165 194 -97 61 60 -50 -43 28 1 -88 136 -138 -164 -14 -110 -182 -18 78 3 79 -77 -136 88 147 -15 -178 197 -100 -75 -115 40 -111 8 171 -122 71 98 146 -150 -198 21 -146 157 -92 -18 -10 85 -52 -191 0 -95 -19 -126 -130 2 -50 37 -55 44 -63 -141 -11 -172 50 75 -89 168 -32 71 143 202 148 -131 43 1 -151 130 -17 -2 58 193 -143 58 1 -198 64 -183 164 73 109 -123 124 65 88 -185 53 -131 -192 -113 -142 116 -43 -52 -16 -93 
115 43 -159 60 30 -171 -75 -69 146 81 -60 -53 160 189 -193 155 50 173 -90 21 -52 -104 182 -94 56 -33 50 167 -193 -154 47 -105 -89 54 -162 164 -3 -18 -70 43 -53 198 -198 -62 71 -47 120 140 115 -7 156 -187 -62 170 110 96 -162 -75 -163 -44 114 43 62 196 -123 6 -6 -181 -49 -153 -148 136 162 29 199 14 -83 167 123 89 42 -183 -92 136 -178 130 120 145 156 -114 -67 -178 -118 84 -42 162 -148 74 -140 -181 161 -175 72 18 -127 202 -80 -194 17 71 -156 -139 177 -80 28 -140 -29 -126 -113 -37 192 177 38 -98 -61 116 -134 159 -122 -174 -5 -52 
-114 118 -37 103 -20 -68 -20 -44 85 -85 -80 -79 -148 -28 -36 85 149 108 99 65 140 111 55 131 97 88 117 -56 200 -159 -52 189 -200 -87 -93 199 -30 -151 -20 95 35 153 -26 128 -181 -158 175 86 -84 121 25 -43 -8 15 89 -165 -30 148 33 -119 50 91 -126 -79 -32 -186 87 -87 -66 -26 125 57 -14 -180 -165 138 -185 9 109 152 -154 -191 -53 153 -60 14 43 163 180 -161 -54 131 76 -59 133 -62 -147 -179 76 -138 168 130 15 -124 -147 179 -65 -190 186 -60 -180 -35 -96 82 -54 159 -23 29 21 39 -64 120 -12 -154 -83 174 69 24 -74 131 55 55 
-45 -66 -145 195 158 -138 102 14 -139 113 -30 -186 -144 26 -101 86 -109 184 -73 -200 -141 128 86 -3 -184 154 41 162 51 -65 2 -104 -7 16 55 -163 8 131 -39 203 -5 -5 -196 187 70 144 -114 -156 78 -4 -134 -11 -32 12 -34 139 -184 -146 -199 135 -109 -164 99 204 -28 -6 12 -152 -75 23 147 34 -79 63 -17 162 -93 -72 189 -53 -78 -6 145 134 76 125 -40 29 159 -146 110 -70 120 -168 -81 -21 186 94 134 -141 -176 -10 -119 175 -15 189 157 -177 141 -118 78 -99 -180 101 60 -31 201 -193 199 31 80 125 -89 137 -4 123 49 39 -82 -66 -182 108 
-176 -121 203 -123 -75 42 180 -136 131 -98 -164 -182 -35 34 -82 -168 155 -186 -197 -97 -177 33 -34 -68 194 -103 62 193 -133 144 -123 -178 -161 142 -71 -193 87 -103 104 -34 -155 88 -53 10 -56 121 -175 -140 -43 -110 114 9 -167 -45 26 -93 -29 164 139 46 126 -63 113 47 -13 -185 100 28 -196 -171 188 13 -147 -70 -116 184 -50 81 88 -12 -176 -18 -152 107 -50 65 45 47 1 112 -145 -188 180 -57 125 9 184 162 -65 -7 -173 111 80 91 124 -68 131 -154 -26 -164 3 -54 178 -164 -57 156 -188 -68 178 135 -54 -60 199 -96 122 186 120 -52 143 -187 71 167 
-107 10 38 84 15 -9 162 -84 -193 -86 -123 75 24 -197 -76 -87 67 134 -25 156 77 52 -64 131 -158 80 101 -103 184 32 132 4 -57 -199 116 78 -103 -199 56 -102 -157 -167 -185 107 188 32 -79 149 -51 -164 -6 -107 56 -162 57 98 -162 55 -129 96 20 -146 -54 -30 121 -38 167 -42 -61 68 95 -96 -129 122 125 -24 80 66 -138 -190 105 19 191 139 153 104 135 19 -2 -70 -163 175 -29 138 -55 -77 -37 -41 -160 -192 106 80 -46 -157 -117 -108 102 -182 120 55 -123 70 174 -152 -89 -132 29 -163 -52 -97 12 132 -198 -33 155 -81 -42 -76 16 -133 201 -82 
163 140 -84 -174 73 78 55 -27 123 -56 -105 -122 -6 -97 -84 -126 -45 -156 -123 -38 173 79 173 -88 83 55 13 -169 -184 -40 92 -31 75 -59 61 167 27 195 88 173 106 -116 45 2 13 154 -42 -59 -3 -80 105 -197 170 197 -56 -156 -128 -12 -63 111 -88 -93 173 -155 11 190 -139 168 -61 -35 104 -52 -117 -178 -148 199 69 -32 -9 52 20 62 -200 43 -107 -98 -72 203 -157 170 165 -188 -162 -14 95 36 -63 174 -200 144 -200 117 -197 -162 -125 -93 -150 26 -200 127 170 -9 92 66 -47 -117 -161 27 -75 13 113 43 117 -195 144 -137 114 23 20 197 161 -200 
-197 -32 -103 183 -104 86 -33 48 -144 -5 43 148 78 -70 138 -60 -101 -13 -59 119 194 59 -175 -53 -41 -184 -120 -110 -176 -48 -190 -145 -59 -158 88 -93 -36 103 -71 -179 -128 -50 171 -100 44 -147 131 -181 163 -194 181 -51 202 65 -77 -104 -167 -82 55 -73 -81 144 -161 16 1 -136 -127 156 -108 -94 69 -90 94 166 103 41 -144 -167 -89 138 119 113 -160 -56 53 108 37 -86 110 39 -116 -185 -132 63 -79 192 -24 -44 166 -146 101 50 113 -128 158 -194 -6 -50 -16 70 63 98 -142 122 -66 -64 -134 35 -7 63 124 -151 29 -157 -160 11 -65 91 59 -163 61 149 
1 75 -11 -132 -95 -145 203 16 -109 158 162 -88 80 58 61 -38 -41 -107 -180 200 -184 28 139 95 204 86 -38 24 -163 -166 68 -35 14 132 -174 -142 185 -121 76 22 47 -110 -17 -6 68 -55 24 -146 47 -67 156 -18 138 -159 66 53 -85 184 -123 105 -93 71 89 44 -46 168 -41 4 29 55 -30 -47 -88 75 -89 152 118 6 -173 53 45 204 -186 78 -183 -33 -135 -198 153 0 166 -162 -143 64 -174 119 -164 -73 112 -138 -118 -51 42 -4 -42 103 126 -8 -84 -138 80 -13 70 146 -163 142 -194 77 198 35 -127 -165 -103 142 -119 -61 -11 124 -119 166 -191 -4 
-10 140 -159 136 51 -29 202 131 162 140 -22 97 38 -191 -152 33 44 40 -94 28 -150 191 -42 119 -32 21 -124 196 105 -180 -11 -36 -10 197 -74 157 -147 -120 -84 175 139 56 132 -188 66 -154 79 -187 -134 -70 53 71 -153 158 -176 -121 -91 29 197 -135 -83 50 177 -74 126 -111 -154 41 37 -172 54 -68 143 -165 141 -25 71 -98 155 150 22 24 -114 -155 -169 -168 -22 141 100 -113 -155 77 144 197 98 -158 34 -2 162 -22 -137 13 -10 -183 -139 -97 -192 16 169 -178 -97 -111 -155 -10 67 42 -30 -80 -107 -198 -76 121 -65 -44 194 -198 84 -125 -40 -111 18 -47 
3 29 107 42 -8 82 -56 -30 -128 59 160 104 86 104 -161 -59 -175 117 54 -14 183 -154 169 44 85 -176 -138 -16 -55 -60 -26 151 120 76 180 -192 -180 -10 -52 76 107 56 -54 47 79 34 -134 -171 -31 -87 -67 -5 -144 -7 45 -128 35 -194 169 -73 -171 -80 -17 154 80 152 189 137 43 -148 -177 -37 -20 -141 98 -21 168 57 200 197 -36 -187 15 142 148 81 72 -20 62 -103 -80 67 58 -198 201 150 -50 52 -91 -174 -54 95 179 -130 12 123 38 -37 92 -159 -114 119 -23 117 178 134 39 -172 152 -102 -21 44 -145 163 67 165 178 122 -2 178 129 -104 
-177 136 -192 -167 121 89 201 -143 196 68 192 87 -24 115 96 -120 -75 -34 -12 167 -198 -8 102 173 -102 172 68 -146 -112 -79 -184 -47 171 -3 129 89 18 6 9 126 -185 0 160 -16 128 108 52 -103 -1 -190 -115 -87 156 93 186 -144 200 -2 -175 140 -111 88 162 -194 71 -95 -67 -135 24 -77 -104 -180 103 -85 -154 -103 -5 195 125 93 -151 90 -50 81 -156 91 -168 -20 -199 19 9 -46 68 69 135 -132 20 -119 -171 -198 -148 90 92 -192 -11 -116 -90 113 149 -132 194 175 72 121 84 202 -108 -67 182 -102 159 6 169 88 -114 -138 117 -53 -91 150 -177 -62 
-178 150 -181 -51 -182 185 3 -90 152 34 -67 53 -149 -174 -12 7 -86 173 153 -26 102 -69 57 -77 -186 72 -115 55 -171 -72 120 104 52 -49 117 -101 138 82 -23 -19 173 186 29 -163 188 137 -29 -164 128 -50 77 -34 -126 -31 29 -153 121 -112 -177 0 75 -158 -85 -67 52 -57 -198 -77 80 -150 -114 7 177 18 157 -158 -139 167 136 -175 147 -183 85 -166 -78 92 -162 47 66 -88 111 194 -69 -82 -181 66 -59 -26 -87 79 193 -33 -13 -128 -71 -170 195 179 -127 40 -18 -92 188 125 105 143 85 70 -160 105 -82 144 -81 44 97 -26 -164 134 38 92 76 -177 
12 -100 -70 67 202 127 -182 -52 -190 82 19 -182 -135 -189 -138 45 0 -124 193 -198 149 -26 -168 -38 -146 33 172 -29 57 142 118 25 85 127 -28 71 -48 -5 117 69 -133 14 150 -106 -200 35 95 106 -87 88 39 -68 -185 -195 -171 163 -97 -82 23 16 -88 172 68 137 -51 115 168 -29 -45 -61 -42 48 33 160 75 -132 10 137 124 -119 -136 -130 -60 -125 196 -165 91 -154 -68 54 -2 104 127 29 158 -182 149 -63 -36 54 -27 -147 29 -5 99 -163 101 78 -95 64 -123 -63 97 -199 -151 19 -56 63 192 34 -169 -141 101 -135 -192 166 11 138 -180 -131 -179 2 
-27 -162 3 -181 55 179 -71 -147 -93 -33 -111 -171 -154 -147 -80 147 -65 -121 -92 -73 96 163 135 -59 -119 23 -139 -55 -89 -16 -5 104 123 194 164 37 96 97 -133 -64 -172 195 88 123 164 202 109 -160 34 91 28 143 -191 -21 104 -37 -142 53 139 -93 -40 154 136 42 -15 -194 187 153 -192 -82 19 59 91 90 201 -30 -121 9 165 94 -97 89 -77 -116 -129 139 -192 170 -145 103 -135 85 110 48 95 102 131 189 -52 -126 193 170 -116 156 106 4 154 -63 45 -144 42 84 -188 -129 -24 170 172 58 62 192 194 -184 -123 -68 -103 -59 -71 -32 123 -176 -67 -82 
30 -35 -29 -40 -112 85 80 -17 -107 117 -104 -1 -172 41 -37 202 -3 165 -143 -137 182 -153 1 -86 -132 -93 -107 -72 129 -180 19 -7 -84 -168 183 -191 62 -125 -95 -134 73 159 85 -177 -184 192 -136 194 44 -126 7 26 141 -160 -137 -110 -36 -184 42 67 116 -128 -119 6 -157 98 -184 -159 -166 -70 164 -51 -183 -45 -45 148 -157 119 -141 156 0 19 -91 112 186 45 98 -80 -77 148 -176 -134 -154 -123 -198 70 4 77 -13 -10 -172 196 -22 -9 180 83 -135 149 179 -179 -73 -105 162 16 -29 155 -170 105 -73 -137 92 -36 102 -186 96 -67 -140 94 -14 97 -8 -13 
62 13 -121 -48 -12 111 -31 15 81 -99 -155 -173 -189 -114 -5 -11 0 -132 -15 184 -197 146 -80 200 -181 -64 -65 189 -17 -125 138 172 -56 137 202 -8 -109 -191 -183 134 -181 -46 -5 164 53 -143 -15 54 -199 189 -103 -67 -193 162 141 -104 196 -14 104 -140 -14 144 125 -127 -105 -91 -137 72 -70 -41 -31 -115 -135 178 153 107 169 -51 147 183 160 106 -105 -20 -158 85 -192 1 181 -21 -158 27 189 -187 -144 -168 136 85 4 -51 -54 -74 -26 61 83 166 -105 -131 51 -15 81 7 184 72 8 183 -151 191 189 196 144 13 38 195 178 18 -158 187 -128 5 -55 -12 
-20 87 -13 42 137 120 -194 -136 195 -14 -8 169 -9 -67 63 199 -29 148 -77 -41 -150 -14 164 71 147 74 -16 63 132 20 20 -55 -129 -193 -38 -188 -109 35 -137 -99 88 179 -114 -106 -100 140 90 -114 148 -173 -126 186 73 -5 -105 -32 87 -97 -17 1 124 -124 -46 186 67 -131 54 -38 -183 113 -156 -11 -179 181 -33 -174 29 136 -86 114 119 112 -106 -47 173 -62 -82 -2 192 34 147 -64 66 -77 80 62 1 42 -187 74 184 -54 132 -62 93 -187 -164 0 -110 -31 -30 -68 -174 65 38 153 116 -86 -91 70 48 -17 177 4 -25 -92 125 -61 122 -106 203 -71 
-154 139 99 161 189 -93 103 -155 3 -110 86 -193 -186 163 156 -138 70 -182 149 -110 -150 -126 -26 140 71 181 15 -22 -138 4 -37 -81 -119 -120 127 62 -2 -120 -38 -200 -118 -54 -116 0 26 -127 -99 -24 1 154 -90 178 -7 34 49 75 -36 82 -119 139 75 -61 59 -176 -48 178 -6 56 17 158 26 104 46 -17 3 169 199 78 -68 -27 77 9 -122 -170 -139 183 -100 150 -127 -36 57 180 194 -124 40 35 -76 -183 82 -49 137 158 -107 -17 9 50 66 172 -130 -160 -99 -61 -140 -113 132 -30 -149 -162 37 95 -184 -25 -138 59 -143 189 60 -70 -137 -193 168 161 
45 -97 174 80 -114 -7 -100 70 -10 41 63 164 -77 89 145 -100 155 -69 -43 -154 12 63 36 -61 117 -159 74 -102 41 144 -174 91 36 22 63 25 -1 -141 -61 125 97 148 69 -77 -173 -96 -1 -67 -43 -19 171 -57 71 -27 -103 185 -197 18 -168 128 118 -184 46 155 202 134 173 56 60 -101 10 -5 -72 -169 175 -90 145 38 -27 181 -146 110 176 -83 -190 55 185 149 -33 84 98 198 -40 33 -2 160 30 59 101 -196 -15 162 142 -58 -170 173 32 -193 34 186 149 149 -162 -163 79 -96 52 56 -185 195 -157 12 -188 -108 39 186 -138 118 16 -179 54 -88 
-108 89 163 27 -56 35 -105 -99 66 -161 -1 -52 101 94 185 -161 -196 -79 -70 82 79 -22 143 4 -185 -131 22 -164 50 48 37 11 100 132 101 108 -194 97 -179 -125 -196 -96 8 -108 -173 -5 197 -142 -109 -200 -149 172 -92 -48 31 -88 164 90 -151 134 -180 -44 -150 -66 -81 138 188 -157 -34 27 65 17 -180 -125 53 91 19 67 15 -104 128 46 -91 -181 -21 110 -164 6 142 37 132 11 25 173 -97 121 72 155 49 -101 -42 103 -126 9 80 -151 -190 51 -143 -172 151 89 126 -3 -168 197 -71 20 116 68 -184 -88 -163 -120 -50 -86 -3 0 -131 28 -85 -69 
-74 -8 -93 138 -56 129 -35 -116 -59 -193 103 -33 105 6 -48 -151 1 -144 17 83 -140 115 158 -44 -112 -192 135 13 34 -195 -185 203 -189 -30 -184 86 186 2 193 -98 -143 -74 -25 72 81 -182 -6 -52 -165 -4 99 -165 -63 38 60 -157 -69 -122 121 -8 -125 143 -19 -32 160 112 -143 143 166 176 -33 -188 204 -97 74 -66 -132 188 -113 -153 77 -197 -89 117 -88 83 -72 159 -29 -55 -43 -28 118 -125 38 -109 104 -117 84 -11 -151 -60 176 -71 163 65 103 93 -113 52 165 -89 -39 61 12 -98 -148 45 -57 104 100 31 -151 192 70 61 -188 35 192 166 -54 -88 
-191 -1 -111 -41 -72 132 -38 79 -47 167 -51 -102 136 135 -49 -15 25 -78 82 -107 -197 -42 -197 -122 52 -60 142 -146 -41 23 -99 -1 11 47 -5 -189 -105 25 162 30 83 -127 176 170 -165 -3 -115 149 96 -87 123 -62 -19 153 23 77 182 167 46 -188 -47 -68 -198 135 -185 -19 -34 2 -147 -131 202 -121 91 -75 -34 82 110 -179 171 -26 -71 17 44 49 121 31 110 15 -30 -19 -42 172 115 170 107 -1 -4 -99 -118 35 197 -10 186 168 -8 69 -146 -3 195 -16 155 51 -6 29 26 -170 -90 21 -135 -69 -61 38 108 188 183 0 -140 -118 -87 106 26 23 
-91 107 16 22 7 -152 173 77 -72 -147 197 -38 159 -54 48 -100 48 -58 101 -141 4 -20 123 121 99 102 -75 -132 -63 -114 72 -126 192 142 204 -17 152 -186 -160 -122 162 -197 45 -107 84 -31 -114 -137 -183 -181 -189 38 -122 58 -172 33 4 146 153 -159 -169 -52 -101 104 27 -185 -159 -15 -164 -84 -5 -34 -74 10 60 -170 40 94 -76 -67 -82 -125 -192 99 -118 -83 62 186 -160 4 195 -111 -34 -15 -10 -187 -190 -143 -156 164 -115 -103 -39 -104 72 41 -9 -40 93 118 -63 119 37 135 -107 -125 133 -194 -158 -168 154 151 -97 -106 106 -106 -181 -77 138 -14 114 51 
114 110 70 -169 34 71 197 -138 108 38 -96 -174 66 13 70 -195 141 178 8 45 78 57 141 -56 -188 177 -131 -63 194 125 -53 186 135 -105 48 134 -145 73 25 130 154 53 7 -129 97 -61 142 128 26 70 -18 74 160 198 -49 -80 61 -76 19 -34 172 -6 55 99 165 7 -178 158 183 -184 -169 -61 93 162 -181 65 19 135 111 71 106 -66 197 184 -64 41 197 -89 11 41 -57 -79 62 -82 139 -72 -181 192 -71 -137 -154 81 177 -120 -5 160 -73 11 -74 -182 185 -129 95 22 76 31 -48 65 -77 204 -170 20 -75 -88 59 21 102 11 123 -7 -109 -184 
-102 -170 -198 -61 127 44 -97 -77 112 20 -38 -32 -91 -23 53 -123 151 140 -8 76 -111 -40 42 -151 153 -178 49 81 -120 -38 -161 -24 -24 -155 76 -102 153 14 -71 -189 -140 -44 54 196 69 49 -46 189 -134 -65 -148 -185 -50 162 174 -158 134 -152 -118 71 119 48 105 101 -80 -106 142 148 -62 68 -16 -113 -131 -150 59 185 87 -117 -191 16 -154 131 -39 -87 -19 -84 -5 -198 -7 22 111 119 46 -5 11 150 175 -48 156 65 -47 2 -156 163 -172 131 185 173 80 132 -151 -178 -169 -8 172 -151 149 -72 192 -161 -76 62 -169 158 -119 154 -111 -119 177 191 73 40 
63 -187 -108 40 32 -190 30 197 -36 36 104 -128 165 199 136 112 16 -109 36 -137 -83 -110 -46 -78 45 -134 -129 63 -31 181 46 -145 -68 105 -95 -65 167 123 -200 89 -144 -154 -4 -178 182 15 108 184 154 106 -192 -15 167 36 -20 152 -52 -113 -117 48 198 95 31 -99 -173 67 -138 59 125 82 -95 -116 77 14 -42 -66 -176 121 144 149 127 -135 -6 114 -144 16 13 179 11 -38 56 201 97 -94 182 -42 -183 -102 -58 18 -3 114 146 -179 -65 -18 -182 -136 42 187 95 -109 100 -129 65 -43 -14 -45 -44 -66 47 37 -86 -126 -89 194 48 14 170 2 126 25 
79 41 121 -65 154 202 10 -123 -32 82 16 -98 41 -181 103 -173 144 178 -85 -39 75 -142 -9 -163 86 120 190 -150 146 173 189 91 59 -116 39 60 44 117 -44 33 150 -119 165 64 118 10 -17 -163 119 1 196 192 -93 181 -188 -153 57 -139 156 -145 12 5 110 22 -175 -130 -99 -174 -76 177 89 190 123 -140 190 61 -107 139 192 -105 -97 155 96 -43 -34 -59 -89 -136 -134 197 102 -187 -162 101 69 -170 -123 20 -84 -125 -87 -174 -168 5 31 92 -56 179 -63 101 201 113 93 -46 -77 -3 65 -105 -188 48 161 90 -19 113 -109 56 47 132 103 156 86 -160 
-76 -80 24 146 -186 43 -114 101 -186 -4 91 -5 -127 130 184 46 -184 192 49 -43 176 -84 -50 134 -165 68 -182 128 192 -103 -192 -43 77 -99 87 -137 20 192 -131 115 95 125 143 57 -161 -3 -24 38 -157 -31 147 156 154 -150 -40 -140 -62 136 171 31 33 -129 -103 -142 -118 -184 50 -174 185 6 -53 -97 -63 182 33 -196 -17 -119 -194 110 163 186 -170 200 138 -135 169 -118 -135 54 74 -148 124 101 152 185 -139 -83 144 93 49 -39 -28 157 -87 63 43 156 95 -92 -17 195 186 -19 -163 -153 -33 134 125 187 -117 -178 -92 -197 -49 5 175 164 -69 -154 -5 121 
-45 -70 -2 154 -10 -133 -151 -191 165 -2 -198 27 -73 -94 -107 -134 87 -179 -17 152 61 42 -144 -106 10 9 171 34 -197 -145 -167 -31 47 -14 -121 184 -69 -104 136 88 -17 -130 -25 -56 10 -90 -74 14 -66 -90 102 167 -142 -97 -105 -67 191 -67 144 -170 203 -8 93 -99 -139 1 72 -73 107 -157 175 93 -56 -147 203 82 48 141 66 -154 -47 -31 -172 14 150 11 -197 -69 183 -198 -105 194 34 102 197 -23 -55 47 27 77 -124 9 -155 -65 -162 68 -15 -28 -146 142 -163 -72 -15 173 -77 83 -5 -43 -37 100 -124 -161 -166 -52 22 -170 174 56 -166 -4 201 -90 
15 89 34 -72 61 34 -171 155 -149 63 179 -183 72 88 139 157 -137 -57 150 46 170 69 166 139 -121 -171 -149 199 78 -79 42 120 -118 -21 -190 183 -4 -125 43 161 -149 -150 -194 78 52 -110 25 -184 23 -35 -61 -19 148 -94 86 -6 -74 149 67 -140 -194 99 10 -17 -153 183 62 -199 40 -83 -77 127 -128 57 62 -138 -31 -44 140 56 139 -181 -84 -84 -98 183 -199 154 -125 -174 -161 -91 -29 197 -43 192 79 192 -141 106 -19 -120 181 -14 133 -177 66 140 65 55 33 54 75 -93 59 63 131 -88 123 -153 47 123 6 204 110 88 -62 25 140 106 89 199 
-188 89 114 -124 -159 105 -52 63 -21 160 -139 -4 -102 24 144 28 117 -75 46 120 154 75 -10 -3 -39 -155 -197 174 198 -180 -178 191 130 -140 27 135 23 43 41 197 -46 42 -19 -132 -122 169 151 24 157 41 -23 198 113 136 -180 -44 -131 148 14 -83 -186 -162 -54 -9 117 -77 27 91 -111 189 71 97 33 76 144 -143 83 136 -145 60 -62 -119 123 -85 41 151 133 141 -23 -144 17 -54 -34 56 -67 114 -33 -1 17 84 60 86 -34 -74 55 34 -101 -52 -29 -77 45 -55 159 72 83 116 -147 169 148 8 -178 56 -134 -57 -190 170 -136 67 76 9 100 -155 
149 -117 -144 47 61 -113 -194 -76 16 134 91 94 104 -170 64 -175 72 36 98 20 -50 10 -181 197 -80 74 21 -41 -171 76 181 117 -29 -68 74 -186 -108 -190 -181 173 81 -41 -26 -90 66 188 69 -114 -196 -200 10 37 -101 -4 -69 -16 -143 -131 80 105 25 124 -40 -176 -54 -21 -59 -5 -6 180 93 75 -170 1 -126 -193 140 -44 -100 133 -24 115 118 119 -189 86 52 -3 193 -146 -84 -193 50 -129 148 115 -111 -31 195 -57 -198 -42 177 19 -63 -147 173 -1 -190 168 -34 197 98 -183 44 125 31 151 -165 -82 86 130 16 188 -107 47 42 -89 -184 52 156 22 
167 -75 -178 192 63 121 -160 91 -23 37 68 -89 -115 -34 22 116 -107 -138 -62 35 109 187 -148 145 155 -31 -51 -44 -53 176 158 -9 119 -149 196 174 75 -8 67 -109 128 194 -195 120 60 203 80 -49 148 -103 14 30 -177 124 -93 -7 17 -37 -27 -17 -108 85 -74 -192 105 114 -165 153 39 71 -180 -186 -49 -147 194 -152 -68 -28 46 94 129 -75 -87 192 -199 -161 61 -158 76 151 19 -73 -128 131 197 40 -35 79 -93 114 -180 -49 -112 72 144 46 24 -61 -178 130 -53 0 181 -181 96 201 9 -167 -12 7 -80 53 191 -78 -97 58 -112 -162 144 122 163 -161 
-111 -168 47 -133 -9 -10 -94 -177 -154 117 17 135 43 56 9 -58 -195 5 -30 193 147 196 -13 -95 203 -187 141 172 78 14 152 123 113 117 -128 -184 192 -92 -156 -60 -79 -19 -121 -49 60 102 112 -94 -34 48 86 -93 -60 97 -84 12 -19 -49 -127 194 -190 132 29 -61 152 195 -53 -71 29 -177 45 122 164 -25 170 -85 -29 32 -148 -24 -149 -142 -189 67 -105 -119 -117 177 -141 14 -180 65 -14 -159 152 82 -127 65 -153 14 202 -38 107 0 85 145 110 -114 121 120 94 -167 -171 -61 33 180 5 -127 -9 133 -146 151 114 150 -159 -77 -132 -71 151 -73 157 81 
-6 -59 -168 -186 -196 -67 -70 -77 -157 37 -121 171 70 187 -180 -49 59 199 144 -187 185 -95 -128 -199 23 147 -61 -130 42 182 47 -62 105 -13 34 2 44 196 64 -114 -112 56 73 -137 134 -108 61 99 47 -30 41 163 59 -170 35 192 170 82 117 92 19 -183 103 1 -183 122 109 -7 113 -29 -65 -164 -6 -151 122 5 191 164 -176 -73 164 121 -8 -94 101 -128 127 -133 120 -97 -51 176 -55 43 -102 76 -169 166 62 -177 -72 116 -24 34 102 94 81 -125 -199 -111 -1 152 -3 167 99 -15 -79 182 -128 -2 -84 -15 -2 -96 -112 -153 18 175 -167 144 98 135 
11 71 14 139 -49 57 -198 166 -58 176 59 77 142 -172 -137 -69 144 -104 8 -60 -198 99 -190 70 117 35 37 105 120 -126 -182 155 -128 -115 79 8 -115 12 149 154 176 -90 83 15 188 -164 197 -119 -24 -26 -143 55 -180 -187 -53 54 -109 -2 136 -123 -27 191 -169 120 34 -191 -3 107 48 35 166 128 -139 203 -52 78 -77 -90 194 174 42 -42 155 102 -191 111 -42 -161 -116 138 -111 108 93 104 142 66 8 -110 203 -110 -25 -6 -94 175 177 -63 140 175 147 -28 -40 137 -47 -3 -180 41 -189 155 -3 17 162 -154 -118 -2 167 41 148 -173 -89 -25 118 -178 
-190 -35 30 178 79 -179 131 13 -159 145 -197 109 -72 39 -7 32 71 122 19 169 186 -71 93 166 86 -176 -147 -158 64 112 176 166 -101 -182 190 -182 -62 -49 1 -94 -195 -53 -173 -178 -16 -172 -5 36 -178 -19 178 78 23 182 -105 -189 -59 -121 -132 -54 179 147 -199 174 -21 32 -168 194 -78 -180 31 -35 -172 -93 -66 21 -65 120 159 -189 116 -90 25 133 -58 199 74 -43 28 27 196 172 172 127 -171 110 -9 73 -179 178 -3 -68 -101 98 -99 -54 -173 32 203 -149 -193 125 186 -121 119 117 12 178 3 -197 34 -113 -169 -49 162 -101 89 33 79 14 8 57 
-74 183 -116 14 -187 188 -189 194 196 182 79 -74 -129 64 8 15 95 118 65 -32 -150 88 -11 127 62 -84 -200 -197 182 132 43 -82 80 -138 68 26 -39 151 -8 -165 -68 48 -107 -17 24 31 -151 13 -143 -186 36 56 -27 -156 68 128 -8 23 3 -115 41 94 184 51 -181 80 -78 -161 132 -41 -131 104 34 -199 -13 54 79 -43 -1 98 -31 73 -105 -124 -112 189 72 -10 -134 -136 -82 138 -1 178 80 135 -83 126 -67 174 -85 -63 -49 -77 114 -4 85 99 77 -187 -194 52 95 -120 -176 -157 92 -67 -197 -49 -198 94 181 -188 200 52 -13 55 138 -103 -24 -73 
-93 -194 140 35 -14 173 115 -126 -141 178 31 -141 100 44 204 169 71 110 73 47 120 -47 12 -18 180 -9 -38 -102 44 -104 132 -183 99 -108 138 173 72 79 -195 149 -129 -189 21 112 50 -46 4 55 -82 -67 -125 110 129 95 48 -103 82 70 -145 -49 -196 20 -126 -45 -124 -86 -153 -133 186 64 -110 -128 -48 101 134 -13 -188 13 11 119 -74 33 23 177 150 164 -88 -178 -153 159 125 -104 191 -37 91 -154 38 199 181 63 -60 -125 97 -188 144 -195 121 74 -144 16 2 -34 190 28 -87 80 -106 6 -163 -183 22 -73 -183 21 161 26 -150 6 -30 61 -170 -115 
-43 -139 -50 130 -117 -92 -64 -44 47 -39 -45 -192 193 143 -47 -145 86 73 -148 145 143 55 198 9 84 -98 42 -62 67 -173 112 -125 -151 173 -18 -22 19 -22 138 -182 48 47 51 62 28 -4 -53 145 36 -193 187 58 -50 -193 -93 147 129 -106 139 160 119 26 121 -32 -165 -52 123 -79 -13 189 -128 51 129 -132 -135 129 -9 -187 -104 176 63 65 65 -180 192 -137 -193 117 -142 100 -184 176 118 175 -38 -105 -68 146 98 -80 -170 109 103 33 -49 28 -18 20 174 21 9 186 -119 -115 119 -105 202 -107 155 -197 -158 12 164 97 -149 -8 -58 -4 -45 -97 -165 137 
195 -88 -25 153 190 121 -25 -52 62 36 -117 -194 -191 123 -24 142 -78 171 196 100 48 133 50 -167 119 -194 167 3 -81 178 -131 126 -88 -24 48 194 102 -59 27 -77 153 -119 131 82 -35 -184 -134 -187 -101 -37 188 83 -165 -45 161 -101 -97 143 135 -150 44 110 129 50 33 70 -128 140 -42 -109 115 158 -69 185 -54 -163 -140 -178 -181 -20 74 -52 185 -162 -21 -19 170 204 3 117 -50 78 -59 -152 -65 -131 196 168 5 180 -175 170 16 -146 -105 163 -60 117 16 -14 67 -105 185 201 39 58 -161 109 -43 51 -198 -148 -79 -187 -171 147 24 148 -164 38 -2 -106 
-28 -32 113 32 -67 40 116 150 -55 -48 -171 -180 173 187 -195 20 188 31 5 158 103 79 152 1 131 -56 123 39 -197 58 5 -127 61 -112 182 -107 139 -161 -129 173 168 -29 146 -182 181 -19 143 13 -16 50 192 -173 -116 113 141 171 -150 -6 160 107 -62 -2 -20 103 -42 -71 203 56 -1 189 20 -184 197 90 -166 150 150 -142 -104 122 -1 -141 194 182 -54 -125 -6 55 -187 43 -140 -91 -122 -170 80 -39 134 -115 -48 124 8 -100 -42 127 148 156 -67 69 -182 -109 128 -174 -1 165 -113 119 78 -106 18 -7 -167 37 -39 11 -134 133 -148 -163 50 160 -189 -92 
58 6 94 -72 -62 -187 68 -162 -65 -48 85 22 -51 -149 160 -47 -134 92 -86 121 -72 126 188 -32 -54 72 -144 -82 178 143 -37 -180 -164 125 -175 -139 90 119 66 -78 -165 115 25 188 18 29 83 199 -90 189 -12 -31 -88 -147 65 -59 -45 -181 47 190 -23 -168 -20 74 42 78 -34 -38 112 -90 -44 179 -137 -155 0 6 171 -13 138 -42 200 105 -58 78 -199 175 128 -109 -63 157 175 31 -81 -168 44 -129 -41 -112 -89 63 125 -160 -30 -138 163 26 -135 168 172 28 -199 150 120 -34 83 -21 -185 -174 -102 -20 135 47 194 -171 -130 140 133 -172 -119 185 71 202 
42 -42 137 43 -134 124 77 -47 -12 -155 -42 -125 67 98 111 -193 -31 170 -88 166 187 -134 -145 178 -104 147 25 -44 -99 182 -158 -195 -18 109 -121 -27 -77 -192 85 53 190 143 84 54 -170 -186 -71 -98 78 -61 98 -196 -68 192 -80 -153 -138 -149 101 62 -90 104 37 123 -139 -62 35 -85 -128 163 -57 148 -63 -191 -147 190 -196 -152 47 -4 159 92 180 66 -183 190 140 -165 -164 -143 139 156 -1 -24 53 179 199 99 27 -69 -145 48 -93 124 -199 -49 -48 -8 183 -83 -37 24 26 172 89 -99 86 32 65 125 87 161 117 47 59 21 -105 10 105 -169 -116 -122 
-187 145 33 67 152 -140 57 177 150 -57 186 122 101 -77 -47 78 -28 98 -151 95 -127 155 -188 150 182 -142 173 -148 99 194 -162 -181 -110 122 172 -140 -54 -163 44 48 -103 52 -189 -181 197 101 105 -51 122 156 -148 136 -133 -164 11 -133 -146 117 82 147 98 23 -82 15 24 -150 -25 -7 -44 -19 -6 -82 -180 163 157 63 -74 47 -133 -121 176 179 -177 30 138 -191 86 19 -23 11 -172 -82 -185 -28 -49 124 -43 -193 103 -53 -52 187 189 -101 115 -2 -89 -23 -88 113 -24 30 -28 -63 121 166 146 72 16 8 36 171 -181 10 -26 90 -34 3 31 -136 -199 -193 
-113 151 -100 -101 -39 -118 -11 104 172 42 158 -44 -44 -193 92 -77 -43 14 -18 -155 123 -190 -142 -148 -116 -182 195 118 -13 96 135 -138 -59 173 -188 31 -42 -60 -111 -28 116 188 -64 -180 -31 -37 95 95 -159 39 -37 147 129 -37 -51 -117 -135 13 -142 -77 168 -32 -53 197 76 -52 7 203 97 92 120 125 163 -111 -155 -14 52 -26 -120 60 -135 -58 138 116 146 -157 -108 -63 34 117 -4 -116 -90 -41 -104 -111 57 180 -44 122 167 59 181 90 130 -98 -186 -192 45 14 -194 -197 -106 125 83 -37 65 80 96 50 -97 178 -172 -141 -38 -60 39 -169 -152 160 145 102 
159 167 176 6 32 -28 -28 53 -10 55 28 -85 -4 -22 -21 104 -23 -112 -40 55 -6 42 -10 -91 63 -17 -178 -92 24 190 45 -150 -137 136 10 -194 88 46 -157 74 130 -133 94 -22 35 -96 -196 -58 177 -104 -110 -12 -183 162 109 -108 153 -38 110 -199 145 -38 143 84 78 -114 190 31 -90 -131 -37 -168 104 -172 161 178 78 103 143 -109 -50 128 94 86 -105 -22 9 -130 -30 -52 -55 203 -25 182 -90 106 190 -52 -189 -192 122 197 -146 -107 155 111 182 96 -10 168 167 165 -7 0 170 -20 144 -56 126 105 -140 -186 191 -13 -115 142 -169 -175 188 -162 192 81 
-68 -34 52 -188 -80 -119 -92 -81 -161 -106 55 -35 -4 -62 -79 -92 -128 -94 -119 -150 -33 37 -109 -155 44 140 187 163 -136 84 22 -24 -38 -69 79 156 49 120 101 36 -106 88 192 -93 -152 169 159 -94 -196 -88 113 175 -175 84 -92 -136 11 -128 -154 -186 16 204 -190 35 -176 -163 68 74 179 -7 109 -173 -183 141 -50 3 46 -94 -123 -194 57 -192 -160 -71 -17 28 96 -72 -43 43 -101 103 30 -83 -136 191 143 37 -55 134 148 78 -116 84 -122 50 115 59 75 184 -111 50 142 46 -100 185 -23 145 104 123 -154 -58 19 131 -104 -45 -116 178 125 -130 -159 -108 
0 -58 -14 187 143 16 59 86 29 -189 -5 66 177 67 120 192 -50 105 189 -73 -152 -128 86 9 -191 37 178 -72 -10 93 89 -88 -21 167 -35 120 75 35 167 -107 202 -179 200 -111 78 -79 124 -189 -157 182 0 -167 -72 -70 179 50 164 84 42 -16 159 46 9 156 125 -87 -23 70 143 -96 -190 -106 -123 -166 -100 162 -38 -142 145 -89 203 46 199 127 -150 14 176 -38 -59 -184 187 -124 40 79 -65 -25 -125 166 -27 22 -191 24 180 -104 158 75 -90 111 149 -75 -193 -54 162 -28 32 87 -16 -184 155 58 -60 -36 -90 144 57 -60 -3 139 78 88 111 164 
-52 191 -160 -89 -76 162 30 -26 -52 -30 150 -24 -137 35 160 2 95 44 -5 45 -49 -157 -78 -86 22 -23 124 1 172 -146 -61 76 21 -2 -18 151 -125 -86 -140 191 83 38 -9 -138 55 105 -172 -42 147 -14 181 -167 -35 183 -75 132 -48 -62 39 -75 196 -159 17 -55 96 50 -22 -183 102 166 10 191 -136 -22 -36 67 74 -150 102 -162 -94 -57 184 -64 175 -104 -180 -77 67 172 78 73 -9 -181 -106 161 36 -62 -194 -69 91 -73 81 9 13 -163 100 46 -142 -47 -177 134 146 15 86 -140 169 116 118 -172 -22 21 -35 -1 3 165 130 102 -90 -135 53 98 
-65 31 -126 -116 -159 -135 -179 -141 -43 80 57 -81 -178 98 167 121 139 159 -88 187 -96 -164 32 -133 72 -160 -130 158 -14 -174 -112 126 -72 -108 201 -150 72 111 -35 175 -95 105 50 89 114 -114 104 -182 77 -54 116 -78 -138 171 7 40 -165 30 78 110 -72 21 -104 26 163 -61 56 147 14 16 -46 -159 -153 99 57 124 -25 85 178 -127 177 6 -175 181 71 164 -184 -129 -59 100 -101 -55 5 45 56 10 126 -7 -153 -1 -12 33 -181 -72 128 -65 134 109 182 -16 64 193 26 -143 -48 -112 142 -36 -4 129 27 23 -108 -150 -122 97 144 89 -92 75 184 49 
111 8 194 94 80 90 134 -71 93 -115 45 83 -184 25 -5 190 -110 -77 68 166 -67 -27 12 -191 -181 174 139 70 -195 7 -141 -70 -107 -12 -105 196 51 31 109 74 80 -115 201 -145 -56 30 60 11 141 190 165 -56 104 -77 9 9 -107 72 -182 -36 -90 -188 -114 -123 -142 -179 -36 -109 182 -169 -87 24 -95 -118 4 25 200 -5 50 94 -100 -97 -192 27 -23 48 -164 32 -34 193 -33 -17 111 120 -136 -73 -79 -43 24 -153 9 171 5 -137 -61 -25 -61 98 168 -158 69 171 -7 21 -61 -29 -2 -86 55 65 105 -72 -40 138 98 143 1 -86 200 -160 -97 124 
82 -89 -167 -118 -53 59 -117 185 44 99 20 177 -171 86 79 -61 6 102 -192 91 175 84 179 -169 165 108 -105 -128 -200 -78 35 176 -65 135 -145 166 -106 -170 -84 196 -181 -121 9 -156 -171 -158 -44 -111 43 179 61 -105 -162 51 -4 -117 -1 38 157 40 53 48 -159 65 116 108 -77 194 -52 -8 -84 -163 90 115 -61 -85 -191 47 -98 -15 -51 -85 -41 -134 174 -174 199 102 -104 157 -18 48 66 -137 161 54 161 106 93 53 76 -164 -38 -174 40 -80 -87 122 188 40 46 185 170 91 61 190 35 16 159 92 -52 84 -20 135 -44 21 11 202 -191 202 -188 30 
41 67 -67 -129 -137 -177 -164 -4 -27 172 -86 -158 141 74 -84 45 95 -193 -144 68 45 44 157 -69 44 166 -173 -35 -190 -138 -57 -192 -191 -26 -93 -120 -46 149 -188 77 -12 190 39 130 -96 -165 85 20 18 -196 -125 38 -126 60 -92 79 42 143 -161 -193 -98 -30 -65 79 -47 -141 167 -34 102 -190 149 -104 49 39 -55 -3 108 -46 115 103 72 6 194 -189 137 -48 47 -195 -134 2 76 -7 26 -8 -158 121 35 -179 -17 36 -105 -60 142 -7 171 -131 167 -192 -15 -2 164 75 -80 -197 185 -198 115 149 -28 156 38 -7 -38 177 -79 1 -80 -183 -182 160 43 203 
-71 -145 99 -101 170 32 -176 128 185 143 184 -79 -169 1 -173 -182 103 66 89 -46 69 163 -71 -186 -69 -131 -181 63 77 166 21 -30 198 -119 126 155 61 -133 -144 109 -60 -45 -74 -171 -126 -9 111 -129 194 130 202 -158 77 -46 -195 179 199 74 202 -68 172 140 200 -145 84 141 124 -115 64 132 191 -88 -101 14 154 188 -88 176 -200 172 -127 163 -90 -146 -22 -181 24 -83 -142 82 -92 -83 69 181 -150 170 -16 154 199 37 195 166 149 -97 103 -112 -192 -29 13 -53 -114 -78 42 187 -177 -175 -111 9 8 -103 -140 -33 4 -100 -64 186 62 -186 92 44 -151 140 
-136 -84 64 -163 -12 156 56 -26 41 109 -59 145 187 23 -55 195 129 166 190 -23 144 4 140 -31 143 -151 108 -91 -6 135 -11 -75 -104 -63 66 79 -1 -19 -160 -22 65 55 148 39 -4 98 78 -14 9 138 -6 -184 46 -137 167 6 50 -126 -136 163 -117 149 117 137 107 175 83 -17 -22 -57 -78 -32 -52 185 80 -181 167 -171 -179 46 -153 -29 -148 79 -91 -181 141 98 27 -42 -185 78 157 7 -68 103 108 -30 -159 -87 -35 13 54 133 163 -108 -82 -101 -16 47 191 -199 166 -82 -3 18 -121 -54 -86 128 -162 -5 -162 173 198 -168 148 161 117 79 77 30 
-199 -38 189 51 169 -19 46 86 147 169 -24 96 72 24 53 -102 -106 115 -56 184 -146 85 14 -50 0 -48 60 45 152 -158 112 -110 -70 167 78 -89 34 -156 -165 -12 -62 -188 193 -43 88 138 -153 183 98 -5 84 148 -161 124 -184 -73 158 86 -24 93 27 15 -125 58 195 -7 78 102 28 -118 73 -185 58 12 35 -178 129 -98 -187 -78 28 -138 -16 107 162 -194 131 12 -143 155 0 38 162 -62 -100 92 -174 -182 -58 3 -187 -109 132 -17 193 -19 115 -70 -92 -28 183 -14 -174 193 -99 -55 183 -162 29 -87 98 -121 35 -187 -31 -36 116 151 -123 -185 27 2 
62 -131 -10 -104 -170 -54 31 -88 150 -10 176 -171 -162 51 -111 152 -131 -87 -6 -58 64 -11 187 -40 -133 -164 -157 197 -14 -43 83 -118 35 15 -171 -32 -131 -71 -10 5 164 -196 24 -84 -198 -86 -199 -197 196 -72 -96 -193 -52 -200 -46 8 76 -94 -181 -14 -8 14 66 33 0 -77 32 8 202 155 -5 -159 -136 -135 161 105 63 57 95 198 -83 -19 -162 -179 146 42 -155 95 -197 -80 174 -118 -63 -41 129 -166 25 197 -30 25 112 -162 -151 62 178 20 9 53 -45 150 -185 7 9 -31 78 96 43 32 167 155 76 -177 28 49 65 -35 -178 77 -26 25 27 -173 
-107 13 -41 -106 -192 -88 2 23 -176 64 -176 125 35 -9 -105 136 34 94 -187 -80 103 171 -85 40 14 7 110 142 -85 12 -21 -170 42 -108 128 -20 84 196 -33 76 -187 -128 -25 32 161 -57 -24 53 -91 -52 -101 134 102 101 168 18 28 -147 137 14 117 156 -196 -159 45 107 -46 -49 114 112 -67 70 -138 -150 -83 -186 -50 -75 -3 161 63 -78 125 124 91 166 108 -57 148 -120 59 -121 -161 -152 89 -129 -6 -130 49 44 15 -91 132 67 114 72 -93 163 -26 -169 -167 166 -119 138 -11 -176 -118 -90 67 -24 -191 -141 -171 127 158 -106 3 132 185 -188 12 -109 
107 42 189 -76 106 3 1 -47 200 167 -29 -23 164 115 1 181 -101 -113 177 77 -136 166 7 137 -72 89 132 -175 -100 -45 50 134 102 -50 -71 107 -20 123 49 -125 -13 19 -118 111 -110 -25 64 -85 -46 42 -39 4 150 167 142 -107 -177 27 48 -28 -162 121 165 0 -82 87 193 71 82 -103 107 17 109 -110 52 72 -138 47 -121 -29 65 122 -47 121 -99 -165 -15 -13 -89 -93 -66 179 93 -74 160 130 75 -106 -3 -124 151 -195 27 -143 -74 83 -47 -28 -133 48 157 -119 46 73 82 185 171 152 -106 -1 56 132 173 -151 149 2 39 157 86 -176 180 189 
126 121 -136 -113 -191 -115 69 123 -104 -100 194 185 -87 45 73 156 192 -122 25 118 -79 93 136 -198 100 -34 8 -88 67 128 164 -141 152 110 -127 -11 -74 3 -126 -171 145 134 -107 7 -115 -16 -145 196 -197 -3 -73 -77 180 191 -197 -155 -165 44 71 -163 -67 43 -21 -44 168 48 110 -154 -162 131 -149 -193 199 -140 169 -109 -21 40 -37 -140 -145 75 159 5 91 -182 162 -11 -149 -146 30 168 -196 -178 -144 138 -87 7 23 151 118 166 -120 170 -153 12 115 174 10 160 -80 120 189 -116 -134 -53 -77 184 -20 42 39 26 -112 134 -2 -83 -176 -142 138 -139 70 180 
-76 -198 38 16 -110 108 -164 184 -7 89 -144 125 37 -199 14 -66 148 -128 -158 13 86 178 -148 -30 -175 173 115 -13 176 86 103 -182 -173 148 204 -137 116 -133 44 -144 148 179 105 38 48 -1 150 -48 -178 93 130 117 -117 131 -75 118 9 -171 -51 -22 -33 149 178 -41 199 91 53 24 113 19 35 135 86 173 -14 -181 -142 46 25 187 -179 -167 -188 -42 -73 -93 -89 6 -142 -54 -38 -108 60 123 147 84 -6 -69 -133 -200 75 -120 116 147 27 20 -166 33 117 118 -1 -183 10 -102 81 153 107 137 -189 75 97 167 183 -8 -10 -119 63 -127 -13 171 130 -89 
-9 181 -12 28 -13 -132 183 -167 58 186 -179 -163 52 85 -96 -96 112 34 -167 157 35 -67 34 -65 -99 -101 184 19 -58 -101 -88 63 57 -168 -41 118 185 70 152 188 -76 21 -150 -172 -189 -14 69 -173 -168 -176 -19 -116 -8 102 -49 -16 138 49 160 -200 -174 22 100 165 -141 -31 133 148 -171 -35 -129 -156 162 -1 -163 -23 164 -200 -54 -67 168 -66 56 -102 85 114 163 200 34 0 -157 -92 -195 34 168 -76 -6 -95 9 53 -54 -95 78 179 -197 -109 140 -136 167 -69 -79 31 202 184 62 -171 -175 19 -109 36 -65 28 96 26 -152 31 195 59 50 -31 96 -30 
149 39 93 -64 102 74 105 82 -114 174 173 130 25 193 -199 -83 140 67 176 -42 -15 -198 -37 36 121 -88 60 -129 -184 -122 -108 -168 -153 -89 -155 88 89 -88 90 -195 -4 122 -128 37 -67 186 86 196 136 -100 -167 -176 123 2 -97 25 186 178 -159 79 92 -39 -92 182 -135 73 -130 190 -193 188 -153 31 160 -26 8 169 19 186 -91 94 -71 175 -97 101 88 -108 173 -122 -193 -82 -179 -14 -142 -65 46 145 20 68 94 -1 -96 -138 137 -64 -163 132 156 -71 171 13 84 54 -159 131 10 -164 -178 153 18 83 163 40 80 -96 -86 127 6 -143 -79 46 -161 -121 
17 121 -96 110 -97 -11 91 135 79 96 8 -94 -11 17 -18 -98 -130 48 99 122 -195 35 91 -54 50 -147 96 61 193 -46 -157 -7 -13 -75 -92 135 -179 -55 197 192 36 -150 89 92 -116 -118 -152 155 176 -145 66 79 -87 2 -67 20 -148 -156 17 86 44 -59 -169 -105 -146 56 -97 199 60 200 -154 109 136 108 128 41 48 -23 -161 -152 71 51 177 -160 -155 -162 -111 -166 -81 -183 75 -134 96 -47 136 152 -136 -121 -160 -120 81 -56 -175 99 -136 -120 131 192 -7 -55 -15 52 -98 101 80 -106 -27 46 38 105 -164 101 -28 -58 -38 141 79 -85 57 176 -125 176 
-48 185 -88 173 121 -1 -103 -26 -165 37 112 20 -189 81 34 125 59 117 -146 135 203 10 15 -156 -140 48 -7 155 -130 -92 -37 -142 -58 112 83 138 -12 -120 -163 -173 -105 -104 -155 15 144 -138 92 -190 70 152 -180 -165 202 -130 -97 113 -192 -179 8 21 153 -144 -147 -77 117 -75 117 5 -36 -48 156 -10 -114 177 -179 98 -169 -80 106 48 174 45 -185 125 25 -194 -54 -126 23 -187 52 82 -64 195 -96 -50 -60 25 -8 -14 -63 35 49 92 128 120 67 127 24 128 132 114 -66 -104 -82 103 70 143 -158 74 119 174 -149 -108 70 88 -132 127 -120 -196 -113 92 
0 152 127 -32 -70 -26 8 162 60 154 21 -107 -80 7 6 -117 124 197 -100 -163 -91 40 143 17 -9 114 101 35 -197 68 188 130 43 123 -11 58 16 194 76 63 -123 -130 -171 -125 100 70 160 182 180 -111 -180 110 -185 -33 -156 12 146 -159 -49 -139 181 -196 -139 111 159 -28 -158 194 99 -186 99 -109 24 158 -189 -55 -167 -16 -148 -102 25 153 -90 17 55 -99 95 41 -32 -151 180 -6 70 -182 98 -158 -166 -76 93 8 95 99 106 -92 38 80 22 188 -106 -155 -29 154 57 101 -131 101 -163 -9 -186 62 -96 109 134 -188 -60 -94 -133 144 -32 1 141 142 
122 83 -76 175 60 114 -90 84 46 -43 -9 -153 65 -142 6 -110 188 185 142 -168 199 -13 172 110 63 65 -45 15 48 24 -11 -177 95 -185 -14 147 32 132 -66 123 -148 11 -9 100 38 153 20 -74 -87 -178 -4 121 86 -140 44 -138 99 91 139 -130 166 16 -158 97 132 -49 119 -116 96 -197 -53 190 -116 -93 -152 -188 172 -101 -184 144 38 64 113 -123 -192 -98 109 -140 -85 -19 -6 -79 -192 203 111 192 148 134 -51 53 194 -194 2 -35 107 145 48 104 53 -176 -99 -129 177 -154 -185 -131 -188 87 118 -112 -19 -64 103 178 -125 202 192 -61 -144 -194 111 -92 
64 -189 -48 142 -118 -185 62 -126 -126 54 180 -150 142 -76 -162 -146 -62 183 24 -68 164 -48 42 46 -147 -166 88 185 -19 -177 -174 114 51 93 -148 -3 -17 -177 -29 -158 31 106 -52 -185 -49 44 -92 196 -178 164 -18 178 124 -175 -8 -61 -166 -68 6 -48 -168 31 133 -75 -106 -83 -42 -180 174 66 57 118 -91 104 -84 103 -177 151 -45 -156 114 204 -54 -199 133 -42 -70 69 112 -89 -49 87 133 75 -150 7 -62 -36 -79 101 16 -165 -5 -198 -96 -31 191 42 178 -8 107 -29 47 -130 72 -200 -148 146 39 43 -27 199 127 17 193 -200 15 17 -79 -99 -3 -86 
83 -166 67 -186 -195 -174 -134 -29 22 -83 -112 -69 -136 147 -91 157 -45 -19 -108 72 113 -193 135 182 -73 64 -150 -186 189 5 -165 155 -64 162 -51 65 7 1 -145 28 181 76 -166 86 12 198 16 -152 105 68 75 167 -182 -27 182 12 -142 -97 -10 -138 76 -55 99 -101 148 -93 -78 -144 -106 -192 60 146 65 12 -128 195 -74 197 -57 71 167 1 162 137 190 111 -135 -54 -100 174 60 22 -74 -4 32 40 -125 -23 66 -95 -136 -20 183 57 94 -127 134 -188 52 117 -154 203 -196 -21 -72 -10 109 -159 201 -182 173 -85 -112 -53 -116 -172 -109 58 95 -137 -146 -80 
109 -170 126 101 83 11 141 -90 -174 132 81 -174 93 0 163 -59 -130 196 -20 68 186 -17 -94 -97 -111 121 137 40 -35 69 176 -192 -188 89 -5 9 48 172 26 42 98 -190 -4 -65 -111 -141 -167 -2 -32 -14 -188 125 57 -181 -58 -50 85 139 -189 -131 58 86 99 88 -25 74 96 122 -196 -103 119 -33 -101 135 -51 112 -134 -41 131 -29 -110 -158 107 23 107 -125 25 -55 8 157 182 35 -65 14 109 -142 186 109 130 169 177 145 148 49 81 -134 95 138 90 94 24 -131 134 189 -144 2 48 -1 -18 -49 -200 -154 -111 19 169 154 82 38 -172 -86 0 88 
171 55 41 45 77 -14 -17 -1 22 -142 -106 -95 183 40 -127 96 200 -168 -158 -174 -192 -116 200 -94 -83 200 98 134 106 -184 -189 12 -197 179 -73 -86 -70 63 173 -118 135 -144 -76 89 132 -178 -40 139 -127 32 -163 34 174 -58 157 -16 157 47 34 -147 1 -61 -129 -121 102 60 139 -180 -116 -133 -189 177 -113 84 91 -175 -130 165 120 166 195 -165 -4 31 30 -110 -184 -65 45 201 -28 -88 -92 -200 -121 -177 -130 -151 -1 125 -19 179 -141 -143 155 -66 173 -68 -107 -122 155 11 71 -101 146 -123 -76 -198 -162 48 155 151 192 19 21 -73 144 184 136 -104 -160 184 
60 -39 -132 121 -4 -192 147 -187 94 -4 69 113 -180 -135 -88 -166 200 -47 -127 4 47 -1 -34 82 -73 -161 -39 -115 105 -54 195 -45 164 -6 -7 -57 -120 -94 195 -116 158 136 68 -98 -36 -15 -71 -35 192 13 177 92 -110 43 -21 -192 -181 62 43 74 -1 -54 185 5 132 48 187 115 78 -179 -109 -48 -23 120 157 -182 15 -97 -178 127 -158 -148 -4 -8 54 -21 -92 -83 93 116 89 79 -168 46 -61 -110 5 96 201 18 -153 157 -180 27 47 -30 137 98 91 -132 -176 -23 102 -51 -8 -5 -100 108 35 114 134 123 3 -166 -175 192 195 175 29 -93 -11 40 
-139 103 -39 -82 -146 -88 11 -31 106 -70 -37 182 102 175 -186 184 201 123 33 -96 -68 5 -111 -120 -7 130 -130 12 -160 -142 111 -36 188 -141 91 40 -106 -32 -14 73 178 -67 65 -6 -13 198 123 41 -87 -78 187 -197 87 -113 56 152 151 -194 104 -33 87 124 116 179 -117 -174 187 199 59 -40 67 41 -181 -74 161 82 101 -109 166 55 -190 7 171 125 184 95 203 -22 -89 179 -184 -1 3 -131 159 65 -177 -199 27 3 37 -91 54 112 -45 160 78 100 183 136 198 111 62 -129 -138 172 13 -57 -171 100 -104 -17 147 -133 -168 75 194 9 -128 186 -6 68 
120 42 -48 -85 97 -126 -157 -92 174 -6 -130 -110 -176 17 149 -147 -30 164 -152 -154 124 175 12 -66 20 -93 -28 200 97 -34 -137 0 -1 -24 -34 94 -41 127 95 -29 -188 -56 -156 84 74 -63 101 89 -156 70 162 -39 3 -106 151 -42 3 -57 -149 -187 -40 -51 19 12 -33 -63 102 -125 -141 158 52 148 -154 -144 173 -28 -30 134 203 -21 30 -10 69 176 -45 98 -117 -102 -178 155 -13 -155 -69 -71 -167 113 116 -52 160 -100 -83 -186 -54 94 16 -194 -99 -159 84 100 -74 41 -86 47 -125 20 198 -75 -53 -83 126 -90 -73 -124 -124 -95 93 112 -67 -171 144 -199 
47 -49 -193 74 -142 67 -109 182 -23 -67 161 182 -110 162 89 36 -59 -70 67 -26 147 -11 -171 93 -139 76 171 19 -85 8 -143 -186 -37 12 -135 148 -82 -95 -4 70 -181 -64 -25 110 152 56 -193 158 -193 58 173 -174 131 161 50 78 156 36 45 46 -49 -100 110 -23 -15 43 151 174 139 0 -134 -5 -22 -198 -147 138 -116 55 -60 117 -189 55 -11 -161 119 -5 -64 16 20 -16 -104 -200 134 -66 -102 121 -175 -109 87 -192 -146 21 161 -158 -185 -168 76 -26 87 -123 -11 -152 174 -132 -152 173 -50 69 -154 -106 126 -82 108 -103 -50 -70 32 -122 -196 10 106 124 
-188 -161 128 101 105 124 -83 -70 -57 -150 58 -107 103 51 -118 -21 70 -48 -65 -102 136 38 52 -57 -105 -89 -90 -109 40 -161 35 -32 156 -68 24 -154 -197 172 61 119 51 98 50 186 -184 146 18 -175 -84 -182 156 13 -84 -63 111 151 -140 102 -59 195 44 -167 -96 8 19 171 -98 -26 87 73 183 45 -2 137 70 54 139 -102 -19 74 -67 44 -144 23 -62 -185 63 126 -62 122 -75 -187 -68 -164 -57 -101 -52 -179 20 -38 -87 129 161 -181 -23 92 20 -163 77 63 105 79 -39 -4 203 -89 65 74 -115 81 18 195 -132 -4 26 -103 184 -94 -116 -34 27 -101 
56 34 75 160 -21 -116 7 75 52 -18 115 -200 42 50 137 -134 -38 105 164 26 193 -60 -25 172 38 -137 47 89 -31 -129 180 70 -125 89 -198 -35 198 42 -68 -106 -122 6 -61 -197 16 -24 17 -128 -103 -95 68 174 -52 -14 -154 -27 -116 185 -34 -98 144 -188 130 160 145 -12 -173 -47 -184 84 -99 -164 -24 -120 113 48 -77 152 -1 117 -63 79 183 131 186 -47 91 39 86 -99 174 -189 148 -138 133 50 -179 32 28 -170 -164 134 -184 -166 160 -45 159 -112 9 -57 37 180 -52 -184 84 108 -14 66 -94 3 155 -133 -111 78 -78 -108 -162 -172 82 -84 78 -90 
-155 112 188 26 42 -23 -196 92 -89 130 -120 -154 -4 124 -49 117 -153 -59 -100 102 -196 -69 154 -45 13 -23 -91 187 -117 -60 -143 -99 36 144 110 -60 -158 -108 190 12 -127 79 -113 -93 -53 192 167 -35 63 -194 79 -32 163 139 187 111 -43 -14 -7 -2 0 203 -151 114 -4 151 91 119 -20 -150 -172 13 -64 167 -190 147 -133 -185 105 67 -84 87 -162 -163 135 -66 -184 201 -102 -6 -56 -46 196 198 -70 -146 -82 -148 35 93 -134 202 -140 -147 -59 164 5 146 26 -199 147 -174 108 200 -8 151 41 172 -120 83 180 -129 -183 143 32 22 180 -162 199 -21 46 -3 
-79 -117 12 -105 -71 42 -179 90 87 -56 71 63 -80 169 -62 -67 -3 -109 -200 -181 137 97 -133 43 81 -23 74 178 -182 -154 28 172 -40 56 -192 -103 145 -25 18 -33 -85 -163 -147 179 52 -186 83 29 -79 -52 10 77 116 136 149 144 -95 162 95 -27 -19 184 84 -56 0 59 188 -182 -179 -63 -56 -39 -20 86 81 187 192 -34 -175 -134 -72 188 -67 108 -146 64 112 -73 77 69 120 145 71 -96 119 57 -147 -159 -135 -179 10 102 -43 59 149 -122 -77 -107 -174 43 -23 -116 -65 -149 3 174 101 155 -191 -118 158 201 -175 197 80 140 -167 -161 -57 -46 183 -134 
-54 37 -192 44 83 -183 -34 117 -146 66 -64 -81 60 -3 47 -66 190 79 -97 -108 -88 49 -104 -163 202 -195 -62 33 82 -58 -142 114 -128 -83 -146 -101 52 -97 187 -142 169 -142 111 3 -186 -136 93 53 64 111 42 44 114 118 9 187 24 32 133 -33 -117 -47 -172 120 -170 120 -153 -187 124 -71 -41 -65 51 -156 -102 -28 122 108 -31 189 -135 -79 80 -183 123 -101 42 145 143 137 -82 -21 -30 -65 21 47 65 10 145 175 163 -106 70 156 202 -154 112 -140 92 -33 108 200 -63 188 70 106 -95 -104 73 26 146 42 -197 -197 -46 38 165 -146 -191 -36 94 -42 
-168 -2 -110 128 -96 -113 148 -94 -158 97 -66 147 20 177 -135 -13 33 4 -19 -61 -177 -130 93 181 54 -198 185 107 115 158 52 -43 -196 -167 -196 62 -143 191 11 145 95 141 -121 -112 55 163 -76 -51 69 -81 -155 199 -27 -52 86 36 -117 188 -191 -42 -188 158 176 -45 148 4 -7 -32 152 -27 -92 5 161 -55 176 -111 184 -183 100 -123 181 -59 -52 109 -18 -4 89 113 64 -71 179 -27 -47 141 13 -65 -82 104 30 60 -128 -138 -159 -73 -45 -38 43 9 -57 -183 41 -144 -70 169 -36 -19 -160 -65 -197 142 -196 -18 -195 111 176 77 123 87 -9 -71 96 -57 
-83 -118 18 149 -1 38 119 -97 -120 -166 6 176 -111 95 177 -72 146 -111 -62 59 131 -109 -169 130 -86 141 57 -11 -172 -120 171 -170 178 -147 37 -103 -196 -183 26 -165 -64 142 48 113 24 -182 -144 -141 82 185 196 1 -152 -196 -19 -10 20 -98 -31 -170 -101 157 30 135 -61 202 106 -187 -107 -47 -3 -135 -151 6 21 -45 99 43 92 -116 -159 138 76 -99 -16 74 185 -147 -72 -62 -188 -1 71 -50 57 -142 -103 -59 -178 -67 180 90 61 -147 -35 106 -23 193 81 61 157 -87 -180 73 86 -104 149 40 167 82 85 -183 148 -127 5 -138 28 -183 147 -99 203 91 
-25 75 45 -142 22 112 175 -97 136 171 -73 57 -193 116 129 -79 159 55 -144 31 -74 119 120 -156 -29 -108 -78 -179 172 -95 37 -83 2 -45 -23 145 -39 -106 -141 -22 -173 68 -112 -178 198 187 -93 113 31 -138 191 64 -103 7 -116 97 36 -166 -81 -121 67 -26 -64 53 -25 -20 91 -35 -76 -69 95 -101 131 54 -83 127 -26 7 130 1 -18 -185 -112 -62 -162 59 202 -192 65 90 -1 -199 126 -71 -97 132 -192 200 9 -15 -147 93 130 157 -199 -178 93 73 -66 -99 96 127 30 61 -116 19 195 -156 17 -25 126 52 -62 1 36 197 146 -15 24 55 -35 -138 
-109 50 -186 -175 -186 79 -110 175 -132 -7 111 20 -11 143 109 62 -1 -59 91 178 82 122 119 -118 92 195 -142 53 134 -2 -14 -141 -23 78 12 204 135 113 197 -62 171 -198 -125 -183 -125 -193 -116 28 101 -82 174 198 2 95 -87 -142 -18 -54 56 170 -149 -125 -100 37 -148 -156 172 -37 125 -179 81 -122 -177 -145 102 -143 -93 -192 -55 79 -64 -51 -183 22 154 -32 109 144 2 80 -67 -35 -100 138 142 -150 -141 31 -57 -1 154 112 27 -95 30 74 86 -127 103 -109 19 174 -51 6 -17 -164 202 -58 79 -61 -162 -191 101 83 -6 -174 132 167 143 -98 -13 195 
-16 72 -86 128 176 179 135 203 -129 4 34 71 -18 -140 -183 30 10 14 -199 -139 190 169 159 154 48 199 -100 39 -166 136 -47 -172 -12 -200 -180 55 -153 91 -50 174 38 -109 120 135 75 -113 -122 -17 49 -20 -140 -80 -63 -32 -91 10 179 -111 84 -70 -115 0 99 -5 -71 3 27 199 46 -65 -162 127 13 -97 -199 122 69 -142 122 83 186 -163 -169 -75 182 -163 163 93 -100 159 -99 104 -168 173 74 -26 177 -32 -193 66 -43 37 -96 197 -188 190 16 -8 5 150 -107 114 82 189 -105 -116 -195 203 -85 -170 137 46 -10 -187 -183 -81 136 52 91 -1 -154 172 
175 116 51 -86 60 -110 -116 -92 127 128 -45 60 6 -179 30 12 -91 77 -22 67 -5 1 -27 128 188 -81 -66 -88 43 193 -181 21 -115 95 -20 -180 -36 -38 -60 -171 73 168 59 108 27 146 13 -86 183 -113 153 -172 -2 -128 84 -103 -129 -159 129 -158 200 42 9 129 88 96 -3 -151 146 -53 112 -84 87 42 158 -160 8 -51 -178 -199 111 -142 39 -43 61 111 -54 192 23 -38 -32 -72 124 50 90 1 -33 43 -196 137 -185 -4 126 131 -194 125 2 -153 18 -168 43 90 191 14 -157 -117 -103 158 195 -140 -23 -49 110 54 -17 112 -60 152 119 58 112 -189 
-1 55 -89 -175 -121 188 -49 113 -80 200 -154 183 -92 174 -27 46 -174 63 53 -26 78 82 -197 -98 148 -75 43 88 132 65 -188 -185 -95 -131 0 171 -57 204 159 18 187 38 -185 91 165 -43 -174 -125 -35 76 154 190 65 26 111 163 -22 192 -127 -80 200 186 22 85 156 194 -82 119 -163 -58 176 -50 -125 152 -70 26 41 -8 -188 -190 -173 -159 124 -39 -122 57 -125 116 -157 203 -86 -38 -92 -60 37 -53 -40 -34 199 33 9 184 157 97 -141 -66 -32 -1 34 -101 135 90 -68 12 193 159 65 -155 162 49 -88 -144 43 -81 -144 -146 164 146 -60 -59 -37 74 
-106 -110 56 40 5 190 -95 -182 35 -98 -8 -61 196 -172 -13 -169 163 70 -187 48 151 58 -64 107 34 -150 105 9 114 -136 149 202 -64 -157 28 -35 -25 -93 -75 -104 135 24 -8 1 -71 -54 142 -152 -91 -3 -108 -3 -80 -104 -125 -174 -173 53 166 -125 -110 86 -124 175 -22 -188 26 -143 38 -109 4 44 -179 86 140 -93 -146 7 -122 70 53 -100 51 -19 -8 -126 -61 201 35 -20 48 -120 95 -52 83 -48 59 175 -198 -95 -142 -62 -79 -135 -7 111 -167 -106 90 -141 -169 151 -70 -145 141 -115 132 -112 5 129 42 160 58 -40 138 -198 -110 100 20 -109 119 92 
108 45 57 -23 138 -80 -117 -1 146 -46 30 -49 -115 136 -188 200 -98 36 155 -77 -159 108 -103 -155 35 201 -169 173 -97 148 -83 202 46 7 190 -13 -57 -61 94 54 142 137 -103 -66 61 7 131 0 -126 -188 -139 100 30 -49 -127 -124 7 -122 -165 -69 -48 -94 -40 -186 -58 -177 -108 106 107 -11 63 94 -8 54 -133 -39 -7 150 -63 180 14 122 11 164 194 13 89 188 68 197 31 140 -196 -54 -1 -74 -137 97 156 -60 -85 95 -3 -46 -186 -47 171 90 -175 -172 -106 -184 86 55 78 -178 123 15 45 -92 34 -109 -56 155 107 39 -13 118 78 16 149 107 
65 75 -100 74 -72 -117 29 182 -97 127 54 -199 56 113 144 196 -192 -122 -154 -19 -78 -82 108 -66 95 157 80 172 -154 187 53 -193 -160 -47 -21 -119 48 95 76 -108 -36 -94 -134 22 93 193 84 185 -152 131 204 -64 -51 -179 46 44 12 70 -173 74 -161 201 -153 62 -60 -46 -168 -184 88 -172 -61 -113 -51 -155 193 157 162 -11 -21 102 -171 -113 9 -89 133 154 -110 41 -100 155 192 10 127 -146 116 73 53 102 71 118 167 141 -152 -175 2 18 78 93 27 -198 111 59 -55 78 -25 -160 -117 55 -28 87 3 182 -85 -33 168 -47 30 53 69 -189 -109 12 
200 -130 -168 -32 64 -108 -19 -86 59 136 155 -36 187 -183 -199 -140 26 78 18 141 -43 124 -39 130 30 -111 174 13 80 -85 -99 140 -100 72 123 -27 -128 -55 159 -90 21 77 -12 -71 -60 38 199 -96 -30 169 -45 -40 8 154 -121 80 -17 63 122 164 -24 -171 107 135 -8 -12 -58 103 176 47 -144 165 -120 130 96 -136 4 -147 61 110 137 74 -85 -91 197 -159 -176 5 93 -133 55 112 -149 -19 -96 -171 188 -131 -77 13 -94 -132 139 161 -197 191 -49 -121 167 196 99 8 -63 144 -175 150 -41 169 155 -110 -179 108 -48 70 -2 191 107 66 0 166 97 -33 
-188 89 -152 -18 162 -47 37 -116 18 178 13 139 196 124 -185 -167 146 -104 -187 -78 44 175 -6 49 106 78 113 -129 -49 -84 -114 27 36 -27 49 -83 -89 123 -173 -9 153 -76 111 32 -82 -39 -186 -70 191 6 -35 85 -184 68 159 -144 64 -134 -75 89 -45 -22 128 50 116 200 -11 52 -175 -10 -194 107 160 166 93 -175 -70 -196 -48 -4 138 66 -42 164 15 -15 -180 -95 -34 -15 154 149 130 196 -159 97 193 36 -77 -133 72 -144 -149 -59 -172 -187 -138 -143 45 5 158 192 -175 -152 150 142 100 -76 169 6 105 -152 -6 85 -13 -189 -137 27 -195 161 -94 -147 
-190 -182 43 -194 -43 0 -73 -142 -124 -96 156 73 105 131 -113 -198 139 86 172 168 171 -115 58 136 48 -119 22 -99 -98 -162 195 -108 15 178 -147 -188 -69 43 192 170 46 -146 -124 -197 6 -122 -68 -62 -3 63 -191 200 52 -85 -56 -68 -175 50 -58 -18 22 153 35 72 -155 -178 171 -129 147 -136 -48 118 167 2 -149 149 -24 -131 37 -70 145 55 70 110 -158 -38 -142 117 -160 164 -146 -74 -97 -34 88 -129 -127 -141 65 92 -11 -9 -80 42 54 -108 11 60 -146 -124 153 165 43 60 123 113 -165 -154 -196 -83 8 -133 192 -3 -110 -44 4 184 64 -17 20 -20 
-147 -59 200 79 127 77 80 -99 87 -131 33 22 164 -126 151 -186 124 -6 -11 -27 42 -186 -25 -151 127 198 39 88 182 92 -86 52 -68 -162 -113 164 202 100 -12 -168 109 24 35 -108 -32 -103 132 -170 193 -177 12 -83 -143 52 40 152 148 158 -156 71 194 -122 -175 -188 -187 9 -107 27 -111 111 -136 -186 -36 -92 -91 -40 -74 -73 -158 171 137 165 80 -13 -23 24 -190 158 98 -91 79 18 -137 49 36 180 95 173 123 9 -187 56 41 9 -107 101 13 -192 -96 -41 69 -164 -156 31 195 -186 -89 182 124 128 -83 132 -10 16 -36 -108 -182 -147 -41 -152 -128 -159 
-10 85 -159 -28 -59 171 99 27 -32 195 185 49 -188 -151 160 40 183 -32 -2 124 153 92 -165 -53 -144 115 -142 154 3 -34 -148 -137 -171 145 0 -135 -54 -113 120 198 -16 -177 168 -191 -69 -157 -21 -109 -102 -167 -132 4 -63 63 71 -101 -90 7 -170 184 -185 45 168 -194 157 -20 -160 51 -51 30 -173 104 18 -148 200 -65 -111 38 -142 11 -16 30 -37 -170 -183 120 147 159 -109 -131 17 55 -7 -195 -86 10 -21 -57 97 -114 196 -32 -17 133 -65 -126 -146 -169 -19 -152 -200 30 -50 200 -90 -135 138 133 118 5 167 203 94 80 123 -25 4 -198 120 182 95 135 
-81 76 -67 69 -197 90 121 -88 -106 107 13 185 -84 191 -60 168 -170 177 -166 129 99 98 -61 -34 -6 -128 -64 -75 -9 -164 164 154 172 124 37 -103 -109 94 170 -15 -77 -176 96 108 201 51 81 195 46 122 161 -192 56 57 35 26 2 -179 -184 113 11 -138 31 -99 186 85 45 -196 -138 83 182 60 161 -167 -151 37 113 29 161 6 122 42 142 141 -196 -24 -144 -32 -63 -53 -50 -107 -3 -196 28 -57 -198 133 -90 179 -15 58 136 -53 93 -45 87 8 -27 174 -195 -135 -3 -193 -170 -1 117 -46 -113 106 193 171 40 -191 -37 -189 -119 -165 -129 -163 193 -3 
-77 -188 -192 59 -188 -193 -198 -148 -101 -72 52 -169 -186 -103 -113 76 -51 -112 4 145 156 -192 -12 199 130 -170 -76 144 -173 180 38 50 -56 152 -14 -199 17 19 -193 12 -195 148 124 169 -80 182 -37 52 76 -124 -117 -4 -183 -7 -101 -15 109 10 -119 20 117 -80 5 123 117 65 41 -9 -9 -195 -97 -86 -190 -130 -153 130 52 -73 -89 -187 -144 -185 -194 173 179 43 80 -88 118 -107 85 30 177 41 48 200 -98 -46 -47 32 30 199 95 1 -171 -47 60 -24 151 -188 189 -153 66 -196 -147 183 18 -123 -172 116 176 35 -142 133 48 112 -83 63 174 17 -97 -64 
-180 11 184 103 -21 -164 184 174 -45 -90 -160 41 64 143 -98 135 -66 26 -145 127 95 -24 -63 88 -27 -98 -29 102 -10 -153 -132 -85 62 -130 174 -146 177 -26 -155 178 -190 92 134 74 -184 122 32 -60 -82 6 -140 81 -108 -133 47 -147 -4 193 -39 100 -178 51 30 -21 38 204 -133 -105 135 -193 84 48 -140 29 112 -169 -104 43 120 114 163 -59 152 -86 192 58 117 -5 -44 -55 -160 42 -62 -185 -36 -65 44 24 76 -143 173 192 119 48 43 -6 -171 -198 -137 4 -157 160 -149 158 26 166 201 -109 -127 69 -106 -60 168 115 2 149 -151 200 171 163 198 -22 
5 167 184 -167 100 63 -53 -128 -112 -99 -114 190 -15 -29 195 -38 138 122 51 -167 55 -52 90 -100 -122 -163 70 175 -94 36 -167 -111 -49 185 -98 71 -29 105 116 127 -64 -166 -75 114 152 112 -47 -155 20 90 -26 56 75 -58 166 -12 38 -112 -2 -127 149 71 -5 -173 128 90 -90 15 203 195 188 45 175 104 -162 42 142 -105 14 152 66 148 -27 90 200 96 -56 -40 -57 -106 16 -91 -17 88 -120 -170 47 -68 -168 -73 -72 -200 -187 117 166 -1 108 -116 -56 52 78 -193 -112 39 179 -105 67 -22 -15 3 63 57 -99 -111 -96 111 98 133 -174 -39 -100 -132 
98 -199 56 -177 79 -179 -196 157 158 -104 47 -42 109 116 116 37 -81 167 -162 102 -140 -32 36 26 -199 -40 -156 -36 189 -179 143 101 -155 69 164 58 -122 74 -184 -41 -35 160 27 -67 -64 124 -86 73 203 -174 63 39 -195 -171 197 -74 173 62 134 -35 41 166 -17 -122 121 -129 -11 -103 137 -155 20 -193 -36 157 -80 70 -6 9 -95 163 -50 -60 -197 -199 168 40 -42 -200 100 -165 162 171 106 -169 -146 -133 57 -115 -12 -170 13 41 92 15 146 -189 -169 102 -106 -79 -184 -137 10 75 25 -22 -198 -7 -94 65 80 108 135 12 98 -124 -11 128 201 185 16 146 
79 155 -91 -116 -105 53 69 -37 -146 -193 -21 145 -181 2 -128 151 190 90 17 124 2 -105 56 -73 -69 -56 11 116 90 -167 126 122 -104 -119 -44 134 12 -3 -72 194 -107 -183 119 158 -177 98 -95 103 185 127 70 -14 -42 27 132 155 128 -119 151 -109 -134 116 170 46 37 -76 111 66 -118 172 121 -79 -177 -104 166 64 -138 132 76 -182 58 101 43 -136 -160 -79 -37 -79 200 140 36 121 -126 98 204 4 63 -21 48 -6 -100 93 -56 89 67 195 -155 -176 -23 78 137 -111 -125 -194 116 173 143 3 158 -132 -140 163 -105 58 -146 -150 78 -119 142 -58 49 30 
-145 -114 108 -175 33 -148 -108 3 9 110 41 -104 -94 51 -136 -88 -50 94 -86 32 -167 -3 163 -36 150 53 -151 166 -163 -88 195 82 143 -123 -90 72 143 -175 35 158 -2 200 -55 26 -187 -178 -128 -99 162 -186 -161 -158 -168 -107 -141 -98 96 -28 177 -65 125 190 -41 -142 149 190 62 -42 -193 61 200 44 190 118 -200 -140 -134 -76 119 -53 -141 195 -60 141 177 -100 -181 133 38 -118 -97 83 162 66 -176 75 -136 -62 -141 23 -150 -99 114 28 -184 -163 169 -11 131 154 -24 61 -57 48 16 -45 176 -138 -129 -91 118 -142 93 89 117 -160 73 37 -114 53 14 201 
88 100 110 -134 -69 -65 194 -6 70 104 -172 50 -100 1 73 127 150 -171 45 -101 -127 174 -8 39 -44 16 -23 56 -199 53 -178 -180 131 -2 -87 -79 171 -19 31 63 154 -25 -146 -75 -177 79 -88 87 -189 51 167 163 -150 95 -143 -183 -153 86 -183 -160 -196 62 -5 29 198 -52 -144 -47 -29 150 39 179 -156 168 34 -102 5 101 -59 -130 -115 171 -138 154 -10 -104 147 -86 160 149 78 107 -114 2 -170 154 -97 99 69 -80 184 8 -32 126 14 75 143 -20 135 91 -38 119 84 36 170 -65 32 57 -94 -191 -149 101 -171 159 -164 -3 38 131 -133 -7 75 -15 
-162 135 177 -110 127 97 161 -21 104 -131 -21 60 -81 97 -92 172 -84 43 -3 -7 99 41 -43 -95 49 -32 -84 95 108 184 6 107 190 100 12 60 -156 30 -135 -95 3 -138 198 -69 -87 202 115 118 190 -72 -132 -55 -142 -134 -62 -139 -90 40 174 -18 36 -190 194 43 -135 75 -169 -185 -160 -129 41 -29 127 -108 -186 171 -19 -6 12 35 -15 -12 -23 155 -95 78 -151 -63 -185 135 110 -72 71 -170 -40 158 119 35 193 149 181 -178 61 186 165 -19 -157 -194 -164 127 -169 -16 -150 -109 177 104 2 170 -27 -161 -43 -29 30 -133 29 190 41 -195 -17 153 -160 -165 
-76 -122 -95 -46 6 -50 -117 84 203 -159 5 -176 128 -86 118 -123 115 -164 -14 -119 -76 -124 40 -64 -76 -174 163 157 -97 -2 140 -132 -55 -165 157 95 147 -179 141 29 -14 196 -43 20 155 130 57 167 9 186 169 174 -91 -28 42 70 -22 -100 -150 162 123 148 -167 -171 108 96 -12 12 74 -180 -187 82 -91 25 119 27 -129 5 49 -154 54 105 198 -181 -98 183 142 1 -200 155 41 185 -124 172 -117 -94 76 52 -17 120 -120 -29 -88 76 90 -15 -84 -96 -177 18 -55 12 13 -106 -49 140 99 -177 -162 67 16 134 -145 -17 -189 -162 -160 82 119 104 120 -178 
-142 92 39 47 41 122 185 -84 -47 40 204 -57 -147 57 -89 -168 85 28 43 1 -168 -13 -172 -80 -31 -70 -140 142 -100 48 175 -62 102 -196 -5 -173 -122 -121 -56 122 -2 144 -130 -74 147 85 -44 -182 54 112 -148 142 -128 65 -114 158 190 -188 -106 70 91 -118 129 -129 98 139 189 -143 -78 113 31 -22 -100 201 -194 48 51 78 166 4 -2 -3 179 -183 152 113 161 -151 112 -139 100 53 -48 -195 161 36 -63 -92 18 -30 -114 -139 -131 -52 -199 -119 -134 192 138 -69 14 100 109 -193 118 175 82 78 176 -38 -22 -153 26 77 156 -184 -155 -164 -86 145 -109 202 
90 -20 -109 -109 47 -137 102 40 -30 148 -15 12 -24 -131 178 138 84 110 61 54 -169 148 -172 -77 -39 113 172 92 122 63 13 -19 -157 -89 -75 -132 -28 -182 -37 -119 120 -183 -45 -146 195 -98 -143 46 -29 154 150 -119 -86 128 -137 -18 42 -114 -94 -200 47 -113 -17 152 -131 107 0 142 -79 19 -92 -200 148 -155 5 -62 -51 -173 70 34 165 -42 167 -192 -135 165 -117 36 61 144 39 187 185 46 10 144 -119 10 -58 -35 36 137 193 86 -180 129 12 -28 -163 174 -90 39 75 -129 42 -4 -72 28 -159 70 -117 74 143 -155 22 -45 95 -7 199 71 186 4 
-145 43 65 17 -91 -41 56 -136 -151 56 -112 195 123 43 -96 2 145 95 -108 -133 -21 -122 -5 -1 55 42 41 -65 133 138 153 -85 -75 -191 184 -121 181 39 14 131 179 0 -95 34 123 17 85 -14 -49 136 -9 -183 -190 -44 -22 53 174 127 -148 8 1 -146 -126 -37 186 117 200 165 195 65 -33 -127 9 -72 67 96 92 -59 -91 -91 198 123 -112 106 -153 106 -130 16 68 -171 139 43 -78 -126 -16 -198 -27 -174 -34 -51 121 -67 196 10 -62 -35 -128 -89 -157 169 110 -67 -86 -175 -58 -89 -44 -81 52 101 30 182 96 77 -188 -159 108 101 34 22 -59 125 
-76 145 -28 46 -43 33 -169 21 203 39 12 17 -48 26 -98 -176 -200 -1 -103 -86 153 -5 -70 -57 192 6 72 112 110 -33 -23 174 178 195 -18 94 -146 -150 -156 -45 177 -96 -54 -81 152 89 128 -172 51 -58 193 73 -76 -102 49 80 168 12 -93 97 140 -61 128 181 39 181 -99 61 26 148 19 -150 186 -88 42 3 149 -12 -34 113 -32 -55 -93 181 -162 -86 -150 -81 -140 111 -157 118 -137 10 -157 31 80 -2 11 61 -143 -163 -148 45 44 12 -175 26 189 -104 178 -147 -179 6 -174 49 191 -137 146 -102 -10 -55 -90 32 28 52 -16 -191 -137 152 -13 1 
148 52 -146 -132 173 -53 -170 -52 -91 192 110 45 82 -78 132 89 -139 174 -69 -149 -132 170 -65 -98 -30 139 0 -196 -39 133 112 -7 -122 109 -72 61 -19 69 -17 -68 -42 -165 122 -136 -195 94 -6 112 -48 -144 16 -186 -186 25 -53 -11 35 141 -55 102 -66 40 60 -53 -152 -70 178 -46 -109 124 12 -64 -28 12 -37 -97 -132 -87 -2 126 153 149 -200 24 -55 164 177 -50 -41 132 75 183 -49 175 114 -26 -153 42 103 -116 121 57 -156 123 197 88 -8 147 135 186 122 -60 -52 61 95 113 177 -172 -154 49 90 -16 42 131 -21 -174 -51 -18 -134 -37 -193 -11 
-121 19 15 47 -136 37 -40 -26 -136 -101 143 -32 -165 22 -107 -86 -181 75 -6 -58 164 174 101 -168 185 105 -153 84 99 -183 4 202 193 -43 47 -128 28 31 -180 177 134 -142 39 19 109 -148 8 -134 -1 145 -159 -109 124 168 -98 180 131 -104 -112 188 133 -69 -12 -148 -135 19 71 -39 -80 44 133 136 203 -140 -8 103 52 -23 -163 -196 26 -117 24 -42 111 41 108 -154 -14 -95 -51 1 161 24 68 86 -77 153 15 72 190 -154 42 -166 -64 -99 -21 28 -40 -185 193 167 -183 147 167 1 67 69 -38 130 119 -173 111 -163 174 18 -57 -172 -19 104 10 163 
70 -186 109 -135 -196 182 183 -196 -76 198 69 -21 -108 -26 98 81 135 -81 128 106 -109 -39 -155 -192 -38 36 -79 -179 -149 -181 -16 -6 -195 122 -119 -193 77 -109 176 48 -164 136 -128 85 168 -184 -156 56 -150 -132 -151 -140 75 2 42 -178 -80 1 107 201 -45 -149 67 -73 -160 -67 -81 -151 13 37 141 -39 192 57 -190 -86 -47 -76 43 -12 166 -10 193 85 33 -152 173 -9 -163 36 0 95 107 148 187 126 17 -173 177 -24 -118 -191 55 161 74 187 -114 -94 -28 -58 -86 139 -191 155 -1 58 133 1 -85 -180 110 64 109 43 -80 50 70 144 -29 181 0 -30 
155 -189 100 -152 -23 144 -98 -105 -63 120 94 167 135 33 -71 69 140 -48 -46 -176 122 -196 -68 -21 17 -91 48 145 -53 -45 152 -184 -113 40 -151 45 197 153 -138 -85 169 101 -197 -72 -128 -101 38 202 19 -198 -35 -87 -134 -13 -22 41 10 -127 -152 87 -14 -69 -21 106 -44 -112 -111 -47 18 -168 -28 -200 -23 136 81 -110 -28 -174 178 -63 -60 -149 -174 198 -62 -73 152 163 117 -109 -198 133 -70 -121 -161 16 -179 162 197 187 138 -188 -169 -10 85 -131 148 -91 -28 91 -1 169 -132 197 21 183 -73 -49 153 76 -48 110 41 -162 -181 176 -112 137 -45 -153 147 -49 
